##FastQC	0.11.5
>>Basic Statistics	pass
#Measure	Value
Filename	SRR8652107_pass_1.trimmed.fastq.gz
File type	Conventional base calls
Encoding	Sanger / Illumina 1.9
Total Sequences	78702
Sequences flagged as poor quality	0
Sequence length	2-101
%GC	42
>>END_MODULE
>>Per base sequence quality	pass
#Base	Mean	Median	Lower Quartile	Upper Quartile	10th Percentile	90th Percentile
1	32.170770755508116	33.0	31.0	34.0	30.0	34.0
2	32.426253462427894	34.0	31.0	34.0	30.0	34.0
3	32.476086376288464	34.0	31.0	34.0	30.0	34.0
4	35.90506619144603	37.0	35.0	37.0	35.0	37.0
5	35.87516720384218	37.0	35.0	37.0	35.0	37.0
6	35.95335381007609	37.0	35.0	37.0	35.0	37.0
7	36.02389330885353	37.0	35.0	37.0	35.0	37.0
8	36.05134321504197	37.0	35.0	37.0	35.0	37.0
9	37.83529006406166	39.0	38.0	39.0	35.0	39.0
10-11	37.83752877018786	39.0	38.0	39.0	35.0	39.0
12-13	37.80849201280162	39.0	38.0	39.0	35.0	39.0
14-15	39.24417518996145	41.0	39.0	41.0	36.0	41.0
16-17	39.23062952934306	41.0	39.0	41.0	36.0	41.0
18-19	39.23724398093751	41.0	39.0	41.0	36.0	41.0
20-21	39.21601723915531	41.0	39.0	41.0	36.0	41.0
22-23	39.17981098959861	40.0	39.0	41.0	36.0	41.0
24-25	39.14987351176385	40.5	39.0	41.0	36.0	41.0
26-27	39.0643681682094	40.0	39.0	41.0	35.0	41.0
28-29	39.01259056458892	40.0	38.0	41.0	35.0	41.0
30-31	38.937276963531204	40.0	38.0	41.0	35.0	41.0
32-33	38.878277910743904	40.0	38.0	41.0	35.0	41.0
34-35	38.799272173843185	40.0	38.0	41.0	35.0	41.0
36-37	38.722278963287465	40.0	38.0	41.0	35.0	41.0
38-39	38.698428484787385	40.0	38.0	41.0	35.0	41.0
40-41	38.65276700958183	40.0	38.0	41.0	34.5	41.0
42-43	38.691948321701126	40.0	38.0	41.0	35.0	41.0
44-45	38.635032677452756	40.0	38.0	41.0	34.0	41.0
46-47	38.56651388123919	40.0	38.0	41.0	34.0	41.0
48-49	38.54060332941679	40.0	38.0	41.0	34.0	41.0
50-51	38.463895606403426	40.0	38.0	41.0	34.0	41.0
52-53	38.394633285823105	40.0	37.0	41.0	34.0	41.0
54-55	38.36733933113235	40.0	37.0	41.0	34.0	41.0
56-57	38.332680724086615	40.0	37.0	41.0	34.0	41.0
58-59	38.174212309050105	40.0	37.0	41.0	34.0	41.0
60-61	37.98051806323962	39.5	36.0	41.0	34.0	41.0
62-63	37.778837390272805	39.0	36.0	41.0	33.0	41.0
64-65	37.55894721602289	39.0	35.5	41.0	33.0	41.0
66-67	37.29497753182143	38.5	35.0	40.5	33.0	41.0
68-69	37.00880626449204	37.5	35.0	40.0	33.0	41.0
70-71	36.730619070339586	37.0	35.0	40.0	32.5	41.0
72-73	36.43911574189533	37.0	35.0	39.0	32.0	41.0
74-75	36.13178864300648	36.0	35.0	39.0	32.0	41.0
76-77	35.15282428233851	35.0	34.0	38.0	30.5	39.0
78-79	35.490869031043864	35.0	34.0	37.5	32.0	39.0
80-81	35.329715720209094	35.0	34.0	37.0	32.0	39.0
82-83	35.058696106705014	35.0	34.0	37.0	32.0	39.0
84-85	34.827428609918016	35.0	34.0	36.0	32.0	38.0
86-87	34.6139482428318	35.0	34.0	36.0	31.0	37.0
88-89	34.41728309150692	35.0	34.0	36.0	31.0	37.0
90-91	34.2724425609189	35.0	34.0	35.0	31.0	36.5
92-93	34.14839375891823	35.0	34.0	35.0	31.0	36.0
94-95	34.043712250277395	35.0	34.0	35.0	31.0	36.0
96-97	33.96432544802233	35.0	34.0	35.0	31.0	36.0
98-99	33.93555976668699	35.0	34.0	35.0	31.0	36.0
100-101	33.450182270574636	34.5	33.0	35.0	30.0	35.5
>>END_MODULE
>>Per sequence quality scores	pass
#Quality	Count
20	6.0
21	10.0
22	14.0
23	49.0
24	42.0
25	39.0
26	81.0
27	133.0
28	308.0
29	637.0
30	1201.0
31	1792.0
32	2535.0
33	3153.0
34	4461.0
35	5796.0
36	9328.0
37	17146.0
38	22978.0
39	8924.0
40	69.0
>>END_MODULE
>>Per base sequence content	pass
#Base	G	A	T	C
1	20.474502179355216	32.085445973593586	25.368203016786754	22.071848830264447
2	22.041371248507026	30.846738329394423	27.513913242357248	19.597977179741303
3	21.375462321585175	29.083999542444616	28.270567749971402	21.269970385998803
4	21.416193073217972	28.648793292387676	28.585081169244887	21.349932465149468
5	21.62148389726865	29.006573583367306	28.69190786791684	20.680034651447208
6	21.272446885793304	29.055733275556634	28.466920714221988	21.204899124428074
7	21.65952672378621	29.26739086087311	28.233374133006933	20.839708282333742
8	21.08633534034085	28.89580569445862	28.749107051739976	21.268751913460555
9	21.20160281769225	28.88006942140323	29.045966157065923	20.872361603838595
10-11	21.22989907243675	28.992575663753534	28.542519167299723	21.235006096509988
12-13	21.10556616975188	29.003380213292097	28.906254992044676	20.984798624911342
14-15	21.23240810010678	28.86574207285492	28.759599214798616	21.14225061223968
16-17	21.28366270735204	28.370750563178376	28.902570141306573	21.443016588163015
18-19	21.22733648002152	28.491831206009877	28.61479541189807	21.666036902070537
20-21	21.287411139529368	28.337916578527334	28.755216245841424	21.61945603610187
22-23	21.26711933152781	28.645599353091427	28.4652607529297	21.622020562451063
24-25	21.192240221561082	28.54719418080875	28.513137518233165	21.747428079397004
26-27	21.38429951535357	28.44031382947912	28.433877621950042	21.74150903321727
28-29	21.295191408391652	28.367142903215402	28.502596187957558	21.835069500435385
30-31	21.12957455062718	28.412000517263674	28.571705676968833	21.886719255140306
32-33	21.43898598339781	28.37276515225153	28.488112132817513	21.700136731533142
34-35	21.564921442164675	28.24834538168261	28.426310217389894	21.76042295876282
36-37	21.330190092278436	28.552263980150695	28.3608041313649	21.75674179620597
38-39	21.671618400861927	28.317607496163767	28.21443729798557	21.796336804988737
40-41	21.621161415389047	28.321534058535754	28.10868867597074	21.94861585010446
42-43	21.522096001050627	28.429312495895985	28.15220960010506	21.896381902948324
44-45	21.346405831264693	28.434658361372477	28.3088937321806	21.910042075182226
46-47	21.45875424210012	28.323363572739634	28.166224299805886	22.051657885354356
48-49	21.27882113848048	28.21442993227901	28.406405359424337	22.100343569816168
50-51	21.457871470482814	28.230827436976462	28.125290392810204	22.186010699730517
52-53	21.569854115642638	28.25511127675434	28.312346927909697	21.862687679693323
54-55	21.41651376146789	28.274895746455382	28.440366972477065	21.868223519599667
56-57	21.333128140619458	28.404247489177198	28.26774972733903	21.99487464286431
58-59	21.212202534702886	28.327887769957933	28.223896518641272	22.23601317669791
60-61	21.24613107253398	28.29161620239537	28.268739066074556	22.193513658996096
62-63	21.391590784828583	28.323894510182452	28.55677131497769	21.727743390011273
64-65	21.22736690998226	28.486883980444468	28.369740388131255	21.91600872144202
66-67	21.235258953317754	28.458371827618063	28.355116569751644	21.95125264931254
68-69	21.412699710998417	28.436665030808662	28.37600196302961	21.774633295163312
70-71	21.61494846418483	28.38197374990596	28.31426245990329	21.688815326005923
72-73	21.30706391158097	28.736184526669874	28.399121301572045	21.557630260177113
74-75	21.601372959858843	28.595748786943098	28.258711954124394	21.544166299073666
76-77	21.298135141680792	28.682835691796697	28.442030239075528	21.57699892744698
78-79	21.726752583046327	28.75097211420953	28.17950783246306	21.34276747028108
80-81	21.50968371185732	28.70071060331615	28.468022850773306	21.321582834053228
82-83	21.3901238710399	28.905572798702572	28.186253949612727	21.5180493806448
84-85	21.233698359137687	29.078128617228	28.336618799413525	21.351554224220784
86-87	21.37773741895973	29.05975686158568	28.305140821771236	21.257364897683356
88-89	21.379865885628284	28.96107291497375	28.27919531376969	21.379865885628284
90-91	21.098704652185635	29.085736986223626	28.266390477136333	21.549167884454405
92-93	21.15483245953955	29.043195805789836	28.311630955094596	21.49034077957602
94-95	21.453111356055942	28.93697124124998	28.106703694690584	21.503213708003493
96-97	21.28141842542689	29.085204826906335	28.274244266789474	21.359132480877303
98-99	21.293800539083556	29.00544880155349	28.348984146306115	21.351766513056837
100-101	21.78130380573532	28.964555008015196	27.797156088582792	21.456985097666685
>>END_MODULE
>>Per sequence GC content	warn
#GC Content	Count
0	162.0
1	163.0
2	163.0
3	163.5
4	170.0
5	175.5
6	189.5
7	199.0
8	198.5
9	204.0
10	202.0
11	200.5
12	210.5
13	217.0
14	218.0
15	223.0
16	230.5
17	221.0
18	221.0
19	258.5
20	333.0
21	396.5
22	464.5
23	585.0
24	707.5
25	837.0
26	1033.0
27	1168.0
28	1244.5
29	1388.0
30	1557.5
31	1767.5
32	2036.5
33	2294.0
34	2385.5
35	2411.0
36	2473.0
37	2568.5
38	2644.0
39	2790.0
40	3031.5
41	3384.0
42	3734.0
43	3581.0
44	3488.5
45	3512.0
46	3437.0
47	3230.0
48	3112.0
49	3138.5
50	2850.0
51	2662.5
52	2305.5
53	1863.5
54	1639.0
55	1453.0
56	1336.5
57	1207.5
58	1067.0
59	975.0
60	920.5
61	854.0
62	756.5
63	663.5
64	576.5
65	504.5
66	490.0
67	471.5
68	426.0
69	352.5
70	276.5
71	235.5
72	207.0
73	207.5
74	229.0
75	210.0
76	170.5
77	132.5
78	87.5
79	62.0
80	49.5
81	43.5
82	40.5
83	31.5
84	23.5
85	21.5
86	20.0
87	20.0
88	18.0
89	16.0
90	16.5
91	17.0
92	18.0
93	18.0
94	16.0
95	15.0
96	14.0
97	12.0
98	11.0
99	11.0
100	11.0
>>END_MODULE
>>Per base N content	pass
#Base	N-Count
1	0.011435541663490128
2	0.0
3	0.0
4	0.10437881873727088
5	0.0012739340356956318
6	0.0
7	0.0
8	0.0025512156542592543
9	0.0
10-11	0.0012767397174575006
12-13	6.389776357827476E-4
14-15	6.394107190812947E-4
16-17	0.0019198894143697325
18-19	0.0
20-21	6.410092048921822E-4
22-23	0.0
24-25	0.0
26-27	0.0
28-29	0.0
30-31	6.46575413323333E-4
32-33	0.0019440124416796266
34-35	0.0
36-37	0.0026048280487884295
38-39	0.0
40-41	0.0
42-43	0.0019698869941494356
44-45	0.0
46-47	0.0
48-49	0.0
50-51	0.0
52-53	0.0
54-55	0.0
56-57	0.0
58-59	0.0
60-61	0.0
62-63	0.0
64-65	0.0
66-67	0.0
68-69	0.0
70-71	0.0
72-73	0.0
74-75	0.0
76-77	0.0
78-79	0.0
80-81	0.0
82-83	0.0
84-85	0.0
86-87	0.0
88-89	0.0
90-91	0.0
92-93	0.0
94-95	0.0
96-97	0.0
98-99	0.0
100-101	0.0
>>END_MODULE
>>Sequence Length Distribution	warn
#Length	Count
2-3	142.0
4-5	97.0
6-7	69.0
8-9	54.0
10-11	77.0
12-13	52.0
14-15	67.0
16-17	59.0
18-19	62.0
20-21	94.0
22-23	88.0
24-25	123.0
26-27	157.0
28-29	191.0
30-31	167.0
32-33	171.0
34-35	209.0
36-37	193.0
38-39	229.0
40-41	204.0
42-43	211.0
44-45	201.0
46-47	202.0
48-49	200.0
50-51	206.0
52-53	192.0
54-55	210.0
56-57	190.0
58-59	224.0
60-61	227.0
62-63	235.0
64-65	232.0
66-67	248.0
68-69	251.0
70-71	268.0
72-73	266.0
74-75	321.0
76-77	234.0
78-79	248.0
80-81	245.0
82-83	251.0
84-85	242.0
86-87	269.0
88-89	278.0
90-91	277.0
92-93	320.0
94-95	366.0
96-97	436.0
98-99	719.0
100-101	68428.0
>>END_MODULE
>>Sequence Duplication Levels	pass
#Total Deduplicated Percentage	77.42751137201087
#Duplication Level	Percentage of deduplicated	Percentage of total
1	89.55150401234062	69.3375009529618
2	6.508361094244876	10.078524052755967
3	1.078162692616965	2.5043836243043383
4	0.5956971954641679	1.8449340550430737
5	0.3987725027487405	1.5437981245711672
6	0.3167205474506457	1.471373027369063
7	0.297028078179103	1.6098701430713322
8	0.22482235751677965	1.39259485146502
9	0.18871949718561792	1.3150872913013647
>10	0.8402120222524903	8.90193387715687
>50	0.0	0.0
>100	0.0	0.0
>500	0.0	0.0
>1k	0.0	0.0
>5k	0.0	0.0
>10k+	0.0	0.0
>>END_MODULE
>>Overrepresented sequences	pass
>>END_MODULE
>>Adapter Content	pass
#Position	Illumina Universal Adapter	Illumina Small RNA 3' Adapter	Illumina Small RNA 5' Adapter	Nextera Transposase Sequence	SOLID Small RNA Adapter
1	0.0	0.0	0.0	0.0	0.0
2	0.0	0.0	0.0	0.0	0.0
3	0.0	0.0	0.0	0.0	0.0
4	0.0	0.0	0.0	0.0	0.0
5	0.0	0.0	0.0	0.0	0.0
6	0.0	0.0	0.0	0.0	0.0
7	0.0	0.0	0.0	0.0	0.0
8	0.0	0.0	0.0	0.0	0.0
9	0.0	0.0	0.0	0.0	0.0
10-11	0.0	0.0	0.0	0.0	0.0
12-13	0.0	0.0	0.0	0.0	0.0
14-15	0.0	0.0	0.0	0.0	0.0
16-17	0.0	0.0	0.0	0.0	0.0
18-19	0.0	0.0	0.0	0.0	0.0
20-21	0.0	0.0	0.0	0.0	0.0
22-23	0.0	0.0	0.0	0.0	0.0
24-25	0.0	0.0	0.0	0.0	0.0
26-27	0.0	0.0	0.0	0.0	0.0
28-29	0.0	0.0	0.0	0.0	0.0
30-31	0.0	0.0	0.0	0.0	0.0
32-33	0.0	0.0	0.0	0.0	0.0
34-35	0.0	0.0	0.0	0.0	0.0
36-37	0.0	0.0	0.0	0.0	0.0
38-39	0.0	0.0	0.0	0.0	0.0
40-41	0.0	0.0	0.0	0.0	0.0
42-43	0.0	0.0	0.0	0.0	0.0
44-45	0.0	0.0	0.0	0.0	0.0
46-47	0.0	0.0	0.0	0.0	0.0
48-49	0.0	0.0	0.0	0.0	0.0
50-51	0.0	0.0	0.0	0.0	0.0
52-53	0.0	0.0	0.0	0.0	0.0
54-55	6.35307870193896E-4	0.0	0.0	0.0	0.0
56-57	0.001905923610581688	0.0	0.0	0.0	0.0
58-59	0.00317653935096948	0.0	0.0	0.0	0.0
60-61	0.008259002312520648	0.0	0.0	0.0	0.0
62-63	0.0158826967548474	0.0	0.0	0.0	0.0
64-65	0.022871083326980256	0.0	0.0	0.0	0.0
66-67	0.040659703692409344	0.0	0.0	0.0	0.0
68-69	0.06162486340880791	0.0	0.0	0.0	0.0
70-71	0.08322533099540037	0.0	0.0	0.0	0.0
72-73	0.11499072450509518	0.0	0.0	0.0	0.0
74-75	0.14612081014459605	0.0	0.0	0.0	0.0
76-77	0.1861452059668115	0.0	0.0	0.0	0.0
78-79	0.23569921984193543	0.0	0.0	0.0	0.0
80-81	0.2922416202891921	0.0	0.0	0.0	0.0
82-83	0.34052501842392824	0.0	0.0	0.0	0.0
84-85	0.40850296053467505	0.0	0.0	0.0	0.0
86-87	0.4828339813473609	0.0	0.0	0.0	0.0
88-89	0.5813067012274148	0.0	0.0	0.0	0.0
>>END_MODULE
>>Kmer Content	warn
#Sequence	Count	PValue	Obs/Exp Max	Max Obs/Exp Position
CATACCA	30	0.0032809102	32.87201	70-71
GGAGAAA	115	0.004914331	19.657454	4
>>END_MODULE
