##FastQC	0.11.5
>>Basic Statistics	pass
#Measure	Value
Filename	SRR8652105_pass_1.fastq.gz
File type	Conventional base calls
Encoding	Sanger / Illumina 1.9
Total Sequences	86150
Sequences flagged as poor quality	0
Sequence length	101
%GC	43
>>END_MODULE
>>Per base sequence quality	pass
#Base	Mean	Median	Lower Quartile	Upper Quartile	10th Percentile	90th Percentile
1	32.29158444573419	34.0	31.0	34.0	30.0	34.0
2	32.46123041207197	34.0	31.0	34.0	30.0	34.0
3	32.5175043528729	34.0	31.0	34.0	30.0	34.0
4	35.99816598955311	37.0	35.0	37.0	35.0	37.0
5	35.868229831688915	37.0	35.0	37.0	35.0	37.0
6	35.85024956471271	37.0	35.0	37.0	35.0	37.0
7	35.83924550203134	37.0	35.0	37.0	35.0	37.0
8	35.81948926291352	37.0	35.0	37.0	33.0	37.0
9	37.49854904236796	39.0	37.0	39.0	35.0	39.0
10-11	37.46910040626814	39.0	37.0	39.0	34.0	39.0
12-13	37.42837492745212	39.0	37.0	39.0	34.0	39.0
14-15	38.77096343586767	40.0	38.0	41.0	34.0	41.0
16-17	38.68738247243181	40.0	38.0	41.0	34.0	41.0
18-19	38.65416134648868	40.0	38.0	41.0	34.0	41.0
20-21	38.68262913522925	40.0	38.0	41.0	34.0	41.0
22-23	38.60265235055137	40.0	38.0	41.0	34.0	41.0
24-25	38.62988972721996	40.0	38.0	41.0	34.0	41.0
26-27	38.54293673824725	40.0	38.0	41.0	34.0	41.0
28-29	38.441427742309926	40.0	38.0	41.0	34.0	41.0
30-31	38.34053395240859	40.0	38.0	41.0	34.0	41.0
32-33	38.257376668601275	40.0	38.0	41.0	33.5	41.0
34-35	38.15482878699942	40.0	38.0	41.0	33.0	41.0
36-37	38.02532211259431	40.0	38.0	41.0	33.0	41.0
38-39	37.931659895531055	40.0	38.0	41.0	33.0	41.0
40-41	37.867823563551944	40.0	37.0	41.0	33.0	41.0
42-43	37.81337782936738	40.0	37.0	41.0	33.0	41.0
44-45	37.73674405107371	40.0	37.0	41.0	32.5	41.0
46-47	37.617626233313985	40.0	37.0	41.0	32.0	41.0
48-49	37.49506674405107	40.0	37.0	41.0	32.0	41.0
50-51	37.33563551944283	40.0	36.5	41.0	31.0	41.0
52-53	37.141526407428906	40.0	36.0	41.0	31.0	41.0
54-55	36.94795705165409	39.0	36.0	41.0	31.0	41.0
56-57	36.68070806732443	39.0	35.0	41.0	30.0	41.0
58-59	36.45250145095763	39.0	35.0	40.5	30.0	41.0
60-61	36.167086477074875	38.5	35.0	40.0	29.5	41.0
62-63	35.8323099245502	38.0	34.5	40.0	29.0	41.0
64-65	35.496169471851424	38.0	34.0	40.0	28.0	41.0
66-67	35.1754439930354	37.0	34.0	40.0	28.0	41.0
68-69	34.82279164248404	37.0	34.0	39.5	28.0	41.0
70-71	34.434434126523506	36.0	33.5	39.0	27.5	40.5
72-73	34.01982588508416	35.5	33.0	39.0	26.5	40.0
74-75	33.5522054556007	35.0	33.0	38.0	26.0	40.0
76-77	32.41849100406268	34.5	31.5	36.5	25.5	39.0
78-79	32.85328496807893	35.0	32.0	37.0	26.0	39.0
80-81	32.641549622751015	35.0	32.0	36.5	26.0	39.0
82-83	32.3472780034823	35.0	32.0	36.0	26.0	38.5
84-85	31.977040046430645	35.0	32.0	36.0	25.0	37.0
86-87	31.608583865351132	34.0	31.5	35.0	24.5	37.0
88-89	31.252182240278586	34.0	31.0	35.0	24.0	36.5
90-91	30.87852582704585	34.0	31.0	35.0	22.5	36.0
92-93	30.4847011027278	34.0	31.0	35.0	20.0	36.0
94-95	30.145037724898433	34.0	31.0	35.0	18.5	35.0
96-97	29.676720835751595	34.0	30.0	35.0	11.5	35.0
98-99	29.060272780034822	34.0	30.0	35.0	2.0	35.0
100-101	26.433784097504354	31.5	25.0	34.0	2.0	35.0
>>END_MODULE
>>Per sequence quality scores	pass
#Quality	Count
2	1.0
3	0.0
4	0.0
5	3.0
6	8.0
7	14.0
8	27.0
9	49.0
10	85.0
11	92.0
12	116.0
13	128.0
14	150.0
15	189.0
16	219.0
17	226.0
18	233.0
19	256.0
20	322.0
21	358.0
22	353.0
23	464.0
24	561.0
25	694.0
26	841.0
27	1071.0
28	1235.0
29	1480.0
30	1823.0
31	2292.0
32	2775.0
33	3470.0
34	4539.0
35	6673.0
36	11096.0
37	19112.0
38	20569.0
39	4616.0
40	10.0
>>END_MODULE
>>Per base sequence content	pass
#Base	G	A	T	C
1	20.168067226890756	31.063379708729965	26.911677534084173	21.856875530295106
2	21.53097827979708	30.67180552814571	28.950209540172505	18.8470066518847
3	21.223693832778093	28.844211772626494	29.338703873521453	20.593390521073953
4	21.77854647181047	28.152387143205377	29.346829330578416	20.72223705440574
5	21.602293966728194	28.41686111981797	29.00196194522806	20.978882968225772
6	21.155944559236644	28.50393517981102	28.70243540036682	21.63768486058552
7	21.507835171213	28.670922809053977	28.863609982588507	20.957632037144517
8	20.715031921067904	28.919326755658737	29.269878119558907	21.09576320371445
9	20.89378990133488	28.494486360998263	29.54846198491004	21.06326175275682
10-11	21.11955890887986	28.650609402205458	28.89378990133488	21.336041787579802
12-13	20.87579802669762	28.746952988972723	29.22460824143935	21.15264074289031
14-15	21.044109112013928	28.835751596053395	28.80905397562391	21.311085316308763
16-17	21.455600696459665	28.399303540336625	28.813116656993614	21.3319791062101
18-19	21.182363217430165	28.570101973894218	28.784844949767557	21.46268985890806
20-21	21.176101870015902	28.45825256242092	28.819255011665835	21.54639055589734
22-23	21.572963278951125	28.260175624931076	28.315892721373892	21.850968374743903
24-25	21.37260591990714	28.234474753337203	28.59605339524086	21.7968659315148
26-27	21.37389073645233	28.433711164893587	28.473177441540575	21.719220657113507
28-29	21.467332950278294	28.304284992948304	28.392503728982753	21.835878327790642
30-31	21.48880724786563	28.34201011033146	28.391923342561476	21.777259299241436
32-33	21.659315147997678	28.131746952988973	28.413813116656993	21.795124782356357
34-35	21.69007544979687	28.377829367382475	28.28032501450958	21.651770168311085
36-37	21.4780721101386	28.273512409165836	28.370440879437236	21.87797460125833
38-39	21.660727344484556	28.324762910770872	28.165155718580596	21.849354026163972
40-41	21.648413513717433	28.387860637612523	28.057620763904605	21.906105084765436
42-43	21.749779449319774	28.2241027069694	28.04708176626271	21.979036077448114
44-45	21.618280381208866	28.12285976296331	28.209920252591502	22.048939603236327
46-47	21.654014022380093	28.27749918744486	28.105121418953427	21.96336537122162
48-49	21.79446998189163	27.993104889260344	28.18753772577425	22.02488740307378
50-51	21.669558959238987	28.200723169875275	28.18795452039211	21.941763350493623
52-53	21.871662719970285	28.074940799554255	28.206110414635276	21.847286065840184
54-55	21.772288548262594	28.07767982031028	28.24541344306633	21.904618188360793
56-57	21.889493205788284	28.02314849749534	28.23965776444024	21.847700532276136
58-59	21.678585525552023	28.03234344888435	28.27381643409413	22.015254591469503
60-61	21.813221893319405	28.18097393928841	28.18561727320216	21.820186894190027
62-63	22.00507452114287	28.25010305806669	27.99521578327034	21.749606637520102
64-65	21.956599983745313	28.13918656898373	28.183306435695293	21.72090701157566
66-67	21.911185146061023	28.047315297955205	28.426905642198374	21.6145939137854
68-69	21.72578108222621	28.10909323071744	28.232139436889486	21.932986250166866
70-71	21.797751504704195	28.17293796033501	28.28669766038086	21.74261287457993
72-73	21.85539245561186	28.22093367462432	28.240668187385005	21.683005682378823
74-75	21.907454386076942	28.211260819338097	28.07890352430324	21.802381270281725
76-77	21.722044209157612	28.359803102071147	28.169406519921985	21.748746168849262
78-79	21.982085532006295	28.18887398919095	28.162751142148924	21.666289336653836
80-81	22.096465262058157	28.633118579139822	27.87045098380637	21.399965174995646
82-83	21.967810648140087	28.553104304875998	28.040605248036776	21.438479798947142
84-85	21.940262122285038	28.56064915315232	28.089339818673604	21.409748905889046
86-87	21.863899143275056	28.43444545053516	27.916695688514316	21.784959717675466
88-89	22.027945641257844	28.531373539297473	27.97408613573431	21.466594683710376
90-91	21.98005085985671	28.57905920876926	27.936343896236604	21.504546035137427
92-93	21.968593074221356	28.432846651766276	28.010217410234826	21.58834286377754
94-95	22.134102797823978	28.63487787460593	27.77910021423471	21.451919113335386
96-97	22.227962731837575	28.447450149478996	27.82747511102081	21.497112007662615
98-99	22.1261748706844	28.706611786151765	27.716208135707358	21.451005207456475
100-101	22.343699196432716	28.606762970876492	27.43799061730689	21.6115472153839
>>END_MODULE
>>Per sequence GC content	pass
#GC Content	Count
0	1.0
1	1.0
2	2.0
3	2.5
4	1.5
5	1.5
6	4.5
7	5.0
8	1.5
9	1.0
10	3.0
11	3.0
12	4.5
13	10.0
14	17.0
15	21.0
16	29.5
17	50.0
18	62.5
19	87.0
20	143.0
21	209.0
22	283.5
23	371.0
24	496.5
25	670.0
26	846.5
27	986.0
28	1132.5
29	1294.5
30	1515.0
31	1794.5
32	2008.5
33	2177.0
34	2282.5
35	2346.0
36	2409.0
37	2464.0
38	2565.0
39	2798.0
40	3089.0
41	3395.5
42	3634.5
43	3538.5
44	3402.5
45	3553.5
46	3659.0
47	3380.5
48	3174.5
49	3105.5
50	2839.0
51	2524.0
52	2051.5
53	1766.5
54	1693.0
55	1450.5
56	1266.0
57	1179.0
58	1084.5
59	984.5
60	902.5
61	815.5
62	755.5
63	673.5
64	534.0
65	447.0
66	383.0
67	293.5
68	266.5
69	267.0
70	195.5
71	128.5
72	106.0
73	113.5
74	131.0
75	107.5
76	69.0
77	45.0
78	26.5
79	12.5
80	2.5
81	0.5
82	0.0
83	0.5
84	0.5
85	0.0
86	0.0
87	0.5
88	0.5
89	0.0
90	0.0
91	0.0
92	0.0
93	0.0
94	0.0
95	0.0
96	0.0
97	0.0
98	0.0
99	0.0
100	0.0
>>END_MODULE
>>Per base N content	pass
#Base	N-Count
1	0.13116656993615786
2	0.01044689495066744
3	0.0011607661056297156
4	0.0011607661056297156
5	0.012768427161926872
6	0.0046430644225188625
7	0.0
8	0.0
9	0.0
10-11	0.0
12-13	0.0
14-15	0.0
16-17	0.0
18-19	5.803830528148578E-4
20-21	0.0011607661056297156
22-23	5.803830528148578E-4
24-25	0.0
26-27	5.803830528148578E-4
28-29	5.803830528148578E-4
30-31	5.803830528148578E-4
32-33	0.0
34-35	0.0
36-37	0.0046430644225188625
38-39	0.0011607661056297156
40-41	5.803830528148578E-4
42-43	0.0023215322112594312
44-45	0.003482298316889147
46-47	0.0023215322112594312
48-49	0.0023215322112594312
50-51	0.0017411491584445734
52-53	0.0023215322112594312
54-55	0.0017411491584445734
56-57	0.012188044109112013
58-59	0.013929193267556587
60-61	0.005803830528148578
62-63	0.038885664538595474
64-65	0.024376088218224026
66-67	0.00522344747533372
68-69	0.004062681369704005
70-71	0.004062681369704005
72-73	0.0075449796865931515
74-75	0.022634939059779455
76-77	0.01625072547881602
78-79	0.02147417295414974
80-81	0.005803830528148578
82-83	0.004062681369704005
84-85	0.00812536273940801
86-87	0.009286128845037725
88-89	0.02147417295414974
90-91	0.03598374927452118
92-93	0.0261172373766686
94-95	0.03424260011607661
96-97	0.020313406848520024
98-99	0.027278003482298318
100-101	0.03946604759141033
>>END_MODULE
>>Sequence Length Distribution	pass
#Length	Count
101	86150.0
>>END_MODULE
>>Sequence Duplication Levels	pass
#Total Deduplicated Percentage	76.04410911201393
#Duplication Level	Percentage of deduplicated	Percentage of total
1	88.16705336426914	67.04585026117236
2	7.525338869214801	11.445153801508996
3	1.2562583954084747	2.865931514799768
4	0.6594211747466113	2.0058038305281483
5	0.4533520576382953	1.7237376668601276
6	0.3617657833679326	1.6506094022054556
7	0.2656001953840518	1.4138131166569936
8	0.2564415679570155	1.5600696459663377
9	0.19691048968127978	1.3476494486361
>10	0.8563316644278911	8.882182240278585
>50	0.0015264379045060448	0.05919907138711549
>100	0.0	0.0
>500	0.0	0.0
>1k	0.0	0.0
>5k	0.0	0.0
>10k+	0.0	0.0
>>END_MODULE
>>Overrepresented sequences	pass
>>END_MODULE
>>Adapter Content	pass
#Position	Illumina Universal Adapter	Illumina Small RNA 3' Adapter	Illumina Small RNA 5' Adapter	Nextera Transposase Sequence	SOLID Small RNA Adapter
1	0.0	0.0	0.0	0.0	0.0
2	0.0	0.0	0.0	0.0	0.0
3	0.0	0.0	0.0	0.0	0.0
4	0.0	0.0	0.0	0.0	0.0
5	0.0	0.0	0.0	0.0	0.0
6	0.0	0.0	0.0	0.0	0.0
7	0.0	0.0	0.0	0.0	0.0
8	0.0	0.0	0.0	0.0	0.0
9	0.0	0.0	0.0	0.0	0.0
10-11	0.0	0.0	0.0	0.0	0.0
12-13	0.0	0.0	0.0	0.0	0.0
14-15	0.0	0.0	0.0	0.0	0.0
16-17	0.0	0.0	0.0	0.0	0.0
18-19	0.0	0.0	0.0	0.0	0.0
20-21	0.0	0.0	0.0	0.0	0.0
22-23	0.0	0.0	0.0	0.0	0.0
24-25	0.0	0.0	0.0	0.0	0.0
26-27	0.0	0.0	0.0	0.0	0.0
28-29	0.0	0.0	0.0	0.0	0.0
30-31	0.0	0.0	0.0	0.0	0.0
32-33	0.0	0.0	0.0	0.0	0.0
34-35	0.0	0.0	0.0	0.0	0.0
36-37	0.0	0.0	0.0	0.0	0.0
38-39	0.0	0.0	0.0	0.0	0.0
40-41	0.0	0.0	0.0	0.0	0.0
42-43	0.0	0.0	0.0	0.0	0.0
44-45	0.0	0.0	0.0	0.0	0.0
46-47	0.0	0.0	0.0	0.0	0.0
48-49	0.0	0.0	0.0	0.0	0.0
50-51	0.0	0.0	0.0	0.0	0.0
52-53	0.0	0.0	0.0	0.0	0.0
54-55	5.803830528148578E-4	0.0	0.0	0.0	0.0
56-57	0.0011607661056297156	0.0	0.0	0.0	0.0
58-59	0.0011607661056297156	0.0	0.0	0.0	0.0
60-61	0.005803830528148578	0.0	0.0	0.0	0.0
62-63	0.012768427161926872	0.0	0.0	0.0	0.0
64-65	0.02379570516540917	0.0	0.0	0.0	0.0
66-67	0.03424260011607661	0.0	0.0	0.0	0.0
68-69	0.04585026117237377	0.0	0.0	0.0	0.0
70-71	0.0783517121300058	0.0	0.0	0.0	0.0
72-73	0.10969239698200813	0.0	0.0	0.0	0.0
74-75	0.14799767846778872	0.0	0.0	0.0	0.0
76-77	0.19442832269297736	0.0	0.0	0.0	0.0
78-79	0.2640742890307603	0.0	0.0	0.0	0.0
80-81	0.3267556587347649	0.0	0.0	0.0	0.0
82-83	0.3969820081253628	0.0	0.0	0.0	0.0
84-85	0.4915844457341846	0.0	0.0	0.0	0.0
86-87	0.6001160766105629	0.0	0.0	0.0	0.0
88-89	0.7121300058038305	0.0	0.0	0.0	0.0
>>END_MODULE
>>Kmer Content	warn
#Sequence	Count	PValue	Obs/Exp Max	Max Obs/Exp Position
TACTCTC	65	0.0075414483	18.267668	92-93
>>END_MODULE
