##FastQC	0.11.5
>>Basic Statistics	pass
#Measure	Value
Filename	SRR8652107_pass_1.fastq.gz
File type	Conventional base calls
Encoding	Sanger / Illumina 1.9
Total Sequences	85172
Sequences flagged as poor quality	0
Sequence length	101
%GC	43
>>END_MODULE
>>Per base sequence quality	pass
#Base	Mean	Median	Lower Quartile	Upper Quartile	10th Percentile	90th Percentile
1	31.857993237214107	33.0	31.0	34.0	30.0	34.0
2	32.15793922885455	34.0	31.0	34.0	30.0	34.0
3	32.2044803456535	34.0	31.0	34.0	30.0	34.0
4	35.622094115437	37.0	35.0	37.0	33.0	37.0
5	35.57686798478373	37.0	35.0	37.0	33.0	37.0
6	35.64987319776452	37.0	35.0	37.0	33.0	37.0
7	35.73163715775137	37.0	35.0	37.0	33.0	37.0
8	35.78103132484854	37.0	35.0	37.0	33.0	37.0
9	37.52948151974827	39.0	37.0	39.0	35.0	39.0
10-11	37.54052975156155	39.0	37.0	39.0	35.0	39.0
12-13	37.504907716150846	39.0	37.0	39.0	35.0	39.0
14-15	38.877764993190254	40.0	38.0	41.0	34.5	41.0
16-17	38.86283050767858	40.0	38.0	41.0	35.0	41.0
18-19	38.85865073028695	40.0	38.0	41.0	34.5	41.0
20-21	38.82877001831588	40.0	38.0	41.0	34.0	41.0
22-23	38.77049382426149	40.0	38.0	41.0	34.0	41.0
24-25	38.70699290846757	40.0	38.0	41.0	34.0	41.0
26-27	38.55242920208519	40.0	38.0	41.0	34.0	41.0
28-29	38.40165782181938	40.0	38.0	41.0	34.0	41.0
30-31	38.27120415159912	40.0	38.0	41.0	34.0	41.0
32-33	38.18688066500728	40.0	38.0	41.0	33.0	41.0
34-35	38.07055722537923	40.0	38.0	41.0	33.0	41.0
36-37	37.93429178603297	40.0	38.0	41.0	33.0	41.0
38-39	37.87334452637017	40.0	38.0	41.0	33.0	41.0
40-41	37.763578406048936	40.0	37.0	41.0	33.0	41.0
42-43	37.72398205983187	40.0	37.0	41.0	32.5	41.0
44-45	37.5997745738036	40.0	37.0	41.0	32.0	41.0
46-47	37.50051073122623	40.0	37.0	41.0	32.0	41.0
48-49	37.392312027426854	40.0	37.0	41.0	31.5	41.0
50-51	37.25686258394778	40.0	36.5	41.0	31.0	41.0
52-53	37.15900765509792	40.0	36.0	41.0	31.0	41.0
54-55	37.08805123749589	40.0	36.0	41.0	31.0	41.0
56-57	36.94238716949232	39.5	36.0	41.0	31.0	41.0
58-59	36.771186540177524	39.0	35.0	41.0	31.0	41.0
60-61	36.514523552341146	39.0	35.0	41.0	30.5	41.0
62-63	36.2417461137463	39.0	35.0	41.0	30.0	41.0
64-65	35.91845324754614	38.0	35.0	40.5	29.5	41.0
66-67	35.614292255670875	37.5	35.0	40.0	29.0	41.0
68-69	35.27953435401305	37.0	34.0	40.0	29.0	41.0
70-71	34.9577854224393	36.5	34.0	39.5	29.0	41.0
72-73	34.61890057765463	36.0	34.0	39.0	28.0	41.0
74-75	34.25311135114826	36.0	34.0	39.0	28.0	40.5
76-77	33.22476870332973	35.0	32.5	37.0	26.5	39.0
78-79	33.519495843704505	35.0	33.0	37.0	27.0	39.0
80-81	33.33781054806744	35.0	33.5	37.0	27.0	39.0
82-83	33.014106748696754	35.0	33.0	36.5	27.0	39.0
84-85	32.70988118160898	35.0	33.0	36.0	26.0	37.5
86-87	32.44012116658057	35.0	33.0	36.0	26.0	37.0
88-89	32.15853214671488	35.0	33.0	35.0	26.0	37.0
90-91	31.927211994552202	35.0	33.0	35.0	25.5	36.0
92-93	31.668735030291643	35.0	33.0	35.0	25.0	36.0
94-95	31.41447306626591	35.0	32.0	35.0	24.5	36.0
96-97	31.126291504250226	35.0	32.0	35.0	23.5	36.0
98-99	30.828259287089654	35.0	32.0	35.0	21.5	35.5
100-101	29.776393650495468	34.5	30.5	35.0	10.0	35.0
>>END_MODULE
>>Per sequence quality scores	pass
#Quality	Count
2	16.0
3	5.0
4	2.0
5	5.0
6	10.0
7	18.0
8	52.0
9	78.0
10	92.0
11	109.0
12	145.0
13	157.0
14	207.0
15	178.0
16	206.0
17	236.0
18	245.0
19	225.0
20	274.0
21	297.0
22	335.0
23	360.0
24	421.0
25	531.0
26	661.0
27	831.0
28	1050.0
29	1238.0
30	1560.0
31	1912.0
32	2391.0
33	2925.0
34	4149.0
35	5715.0
36	9310.0
37	17272.0
38	22988.0
39	8902.0
40	64.0
>>END_MODULE
>>Per base sequence content	pass
#Base	G	A	T	C
1	20.440632160272603	31.90529346101874	25.385112508078254	22.268961870630395
2	21.933264453106656	30.723712018034092	27.67223970318884	19.67078382567041
3	21.321561076410088	29.076457051613207	28.17122998168412	21.430751890292584
4	21.474513492856723	28.60485625257217	28.513140102298784	21.407490152272327
5	21.662302896525812	28.95938758497611	28.641204165737165	20.737105352760913
6	21.262856337763584	28.99192222796224	28.350866481942422	21.394354952331753
7	21.608040201005025	29.29601277415113	28.16535950781947	20.930587517024374
8	21.037924151696608	28.857578959727604	28.798872842550193	21.305624046025596
9	21.096134880007515	28.821678485887382	29.068238388202694	21.01394824590241
10-11	21.160958542226815	28.968780453440722	28.566648272299254	21.3036127320332
12-13	21.10166606004391	28.930621925303214	28.83728029493607	21.130431719716807
14-15	21.186326251460304	28.856822491355576	28.710058060009043	21.24679319717508
16-17	21.293295761418342	28.352119290830103	28.80533051543971	21.549254432311844
18-19	21.195932935706573	28.49293194946696	28.55163668811346	21.759498426713
20-21	21.24947899238595	28.35572932260205	28.705611618910083	21.689180066101923
22-23	21.31053227899004	28.609335282342098	28.375102000082187	21.705030438585677
24-25	21.247006058329028	28.519349081857886	28.384915230357393	21.84872962945569
26-27	21.431925985065515	28.39606913070023	28.352040576715353	21.8199643075189
28-29	21.379751740983878	28.30258475919815	28.373633342336735	21.94403015748124
30-31	21.208047387299594	28.392459830575138	28.459971468994542	21.93952131313072
32-33	21.494701617401006	28.34473243901723	28.33005547890921	21.830510464672557
34-35	21.631189019736766	28.188585316598374	28.31127966091745	21.868946002747414
36-37	21.414523316092595	28.46189522875779	28.287530895363787	21.83605055978583
38-39	21.791304143623705	28.226308311904845	28.124156069839255	21.85823147463219
40-41	21.732851137777985	28.19845947913487	28.01528779090247	22.053401592184674
42-43	21.6839670275475	28.27728329536648	28.01777788215401	22.020971794932013
44-45	21.48493459524201	28.240882083558393	28.26730231793523	22.00688100326437
46-47	21.56664709336465	28.181444509688784	28.02701115678215	22.224897240164417
48-49	21.488171083304465	28.10343916431302	28.217940964046434	22.190448788336084
50-51	21.603137236484464	28.133567373679853	28.01263348225031	22.25066190758537
52-53	21.827405206730937	28.039314693690624	28.158503505207904	21.974776594370528
54-55	21.616242271945328	28.157420400302957	28.222591459655593	22.003745868096125
56-57	21.623542124240966	28.35003112483997	28.045242597573438	21.981184153345627
58-59	21.51303428839831	28.158172851103803	28.08419445749178	22.244598403006105
60-61	21.54143351202814	28.106559254061736	28.093054389374604	22.25895284453552
62-63	21.64245705092826	28.143825080144204	28.331708920959613	21.88200894796792
64-65	21.517716084548567	28.317544591205678	28.209480292948218	21.955259031297537
66-67	21.571322829649993	28.301199581732522	28.134362553311483	21.993115035306005
68-69	21.663798521094087	28.28657179271824	28.152659740046165	21.89696994614151
70-71	21.911653285250292	28.267777118658998	28.072782375294402	21.747787220796308
72-73	21.65948402400216	28.531922638828544	28.137366573116168	21.671226764053124
74-75	21.94139409243056	28.338129073932706	28.05449527276998	21.665981560866758
76-77	21.67793982949341	28.49468047629113	28.18231992296672	21.645059771248736
78-79	22.025885862607613	28.492653535816213	27.93476856582455	21.54669203575162
80-81	21.794706186293393	28.4119733195547	28.301587674385832	21.491732819766078
82-83	21.853542206323752	28.700652581249596	27.85482269878471	21.590982513641944
84-85	21.703878963652695	28.743196989355894	28.052768465733962	21.50015558125745
86-87	21.766467065868262	28.760126805213105	28.04919572619467	21.424210402723965
88-89	21.783445473867147	28.657484059604748	27.88659128004603	21.672479186482075
90-91	21.629983620320196	28.846436098700778	27.872461589944404	21.651118691034622
92-93	21.64212850674481	28.744589761509054	27.937091479278127	21.676190252468007
94-95	21.94211237010509	28.637351024481887	27.75729466330065	21.66324194211237
96-97	21.8654182770814	28.70845717373683	27.850287231418065	21.575837317763707
98-99	21.817594550152688	28.60230209067418	28.012684989429175	21.56741836974395
100-101	22.182004077963132	28.643871597045532	27.677852664484703	21.49627166050663
>>END_MODULE
>>Per sequence GC content	pass
#GC Content	Count
0	1.0
1	2.0
2	2.0
3	1.0
4	2.0
5	1.5
6	7.5
7	8.5
8	2.0
9	3.0
10	3.5
11	2.5
12	5.5
13	11.0
14	12.5
15	17.5
16	33.0
17	44.5
18	51.5
19	77.5
20	151.0
21	209.0
22	263.5
23	373.5
24	502.5
25	640.5
26	825.5
27	966.5
28	1045.5
29	1187.5
30	1381.0
31	1598.0
32	1875.5
33	2171.5
34	2270.0
35	2284.5
36	2397.0
37	2511.0
38	2562.5
39	2735.5
40	2995.0
41	3397.0
42	3816.0
43	3659.0
44	3600.5
45	3689.0
46	3604.0
47	3301.5
48	3142.0
49	3203.5
50	2941.0
51	2785.5
52	2364.0
53	1820.0
54	1563.0
55	1329.0
56	1183.5
57	1051.0
58	913.0
59	825.5
60	753.5
61	686.0
62	606.5
63	533.5
64	449.0
65	370.0
66	336.5
67	307.0
68	287.0
69	255.5
70	195.0
71	145.5
72	112.0
73	124.0
74	168.0
75	165.0
76	116.5
77	72.5
78	40.5
79	17.5
80	5.0
81	2.0
82	0.5
83	0.0
84	0.0
85	0.0
86	0.0
87	0.0
88	0.0
89	0.0
90	0.0
91	0.0
92	0.0
93	0.0
94	0.0
95	0.0
96	0.0
97	0.0
98	0.0
99	0.0
100	0.0
>>END_MODULE
>>Per base N content	pass
#Base	N-Count
1	0.07866434978631474
2	0.0
3	0.0
4	0.149110036162119
5	0.001174094772930071
6	0.0
7	0.0
8	0.002348189545860142
9	0.0
10-11	0.001174094772930071
12-13	0.001174094772930071
14-15	0.0017611421593951063
16-17	0.002348189545860142
18-19	0.0
20-21	5.870473864650355E-4
22-23	5.870473864650355E-4
24-25	0.0
26-27	0.0
28-29	0.02230780068567135
30-31	0.0017611421593951063
32-33	0.005283426478185319
34-35	0.001174094772930071
36-37	0.00645752125111539
38-39	0.005870473864650355
40-41	0.007044568637580425
42-43	0.01174094772930071
44-45	0.01174094772930071
46-47	0.02583008500446156
48-49	0.024068942845066454
50-51	0.0017611421593951063
52-53	0.015263232048090922
54-55	0.013502089888695817
56-57	0.0363969379608322
58-59	0.01408913727516085
60-61	0.020546658526276244
62-63	0.015263232048090922
64-65	0.04402855398487766
66-67	0.06927159160287417
68-69	0.04872493307659794
70-71	0.04872493307659794
72-73	0.015263232048090922
74-75	0.03170055886911192
76-77	0.016437326821020993
78-79	0.03404874841497206
80-81	0.018785516366881135
82-83	0.056943596487108436
84-85	0.008805710796975532
86-87	0.002348189545860142
88-89	0.01291504250223078
90-91	0.00645752125111539
92-93	0.038158080120227304
94-95	0.008218663410510496
96-97	0.05753064387357348
98-99	0.03757103273376227
100-101	0.09451462922087071
>>END_MODULE
>>Sequence Length Distribution	pass
#Length	Count
101	85172.0
>>END_MODULE
>>Sequence Duplication Levels	pass
#Total Deduplicated Percentage	74.49513924764007
#Duplication Level	Percentage of deduplicated	Percentage of total
1	88.22676480322778	65.72465129385245
2	7.344481394505824	10.94256328370826
3	1.155258554114328	2.581834405673226
4	0.6714053806994593	2.0006574930728407
5	0.42081041466374575	1.5674165218616447
6	0.3877129663194061	1.7329638848447848
7	0.2852684833488313	1.4875780773023999
8	0.24113855222304528	1.4370920020664069
9	0.2159214487225961	1.4476588550227776
>10	1.0512380021749752	11.077584182595219
>50	0.0	0.0
>100	0.0	0.0
>500	0.0	0.0
>1k	0.0	0.0
>5k	0.0	0.0
>10k+	0.0	0.0
>>END_MODULE
>>Overrepresented sequences	pass
>>END_MODULE
>>Adapter Content	pass
#Position	Illumina Universal Adapter	Illumina Small RNA 3' Adapter	Illumina Small RNA 5' Adapter	Nextera Transposase Sequence	SOLID Small RNA Adapter
1	0.0	0.0	0.0	0.0	0.0
2	0.0	0.0	0.0	0.0	0.0
3	0.0	0.0	0.0	0.0	0.0
4	0.0	0.0	0.0	0.0	0.0
5	0.0	0.0	0.0	0.0	0.0
6	0.0	0.0	0.0	0.0	0.0
7	0.0	0.0	0.0	0.0	0.0
8	0.0	0.0	0.0	0.0	0.0
9	0.0	0.0	0.0	0.0	0.0
10-11	0.0	0.0	0.0	0.0	0.0
12-13	0.0	0.0	0.0	0.0	0.0
14-15	0.0	0.0	0.0	0.0	0.0
16-17	0.0	0.0	0.0	0.0	0.0
18-19	0.0	0.0	0.0	0.0	0.0
20-21	0.0	0.0	0.0	0.0	0.0
22-23	0.0	0.0	0.0	0.0	0.0
24-25	0.0	0.0	0.0	0.0	0.0
26-27	0.0	0.0	0.0	0.0	0.0
28-29	0.0	0.0	0.0	0.0	0.0
30-31	0.0	0.0	0.0	0.0	0.0
32-33	0.0	0.0	0.0	0.0	0.0
34-35	0.0	0.0	0.0	0.0	0.0
36-37	0.0	0.0	0.0	0.0	0.0
38-39	0.0	0.0	0.0	0.0	0.0
40-41	0.0	0.0	0.0	0.0	0.0
42-43	0.0	0.0	0.0	0.0	0.0
44-45	0.0	0.0	0.0	0.0	0.0
46-47	0.0	0.0	0.0	0.0	0.0
48-49	0.0	0.0	0.0	0.0	0.0
50-51	0.0	0.0	0.0	0.0	0.0
52-53	0.0	0.0	0.0	0.0	0.0
54-55	5.870473864650355E-4	0.0	0.0	0.0	0.0
56-57	0.0017611421593951063	0.0	0.0	0.0	0.0
58-59	0.002935236932325177	0.0	0.0	0.0	0.0
60-61	0.007631616024045461	0.0	0.0	0.0	0.0
62-63	0.015850279434555956	0.0	0.0	0.0	0.0
64-65	0.02465599023153149	0.0	0.0	0.0	0.0
66-67	0.04109331705255248	0.0	0.0	0.0	0.0
68-69	0.062227022965293755	0.0	0.0	0.0	0.0
70-71	0.08394777626450006	0.0	0.0	0.0	0.0
72-73	0.11858357206593717	0.0	0.0	0.0	0.0
74-75	0.15263232048090922	0.0	0.0	0.0	0.0
76-77	0.19313859014699666	0.0	0.0	0.0	0.0
78-79	0.2418635232235946	0.0	0.0	0.0	0.0
80-81	0.30056826187009816	0.0	0.0	0.0	0.0
82-83	0.35751185835720656	0.0	0.0	0.0	0.0
84-85	0.4291316395059409	0.0	0.0	0.0	0.0
86-87	0.5148405579298361	0.0	0.0	0.0	0.0
88-89	0.6205090874935425	0.0	0.0	0.0	0.0
>>END_MODULE
>>Kmer Content	warn
#Sequence	Count	PValue	Obs/Exp Max	Max Obs/Exp Position
AGCCCAA	30	0.0039176038	31.706123	66-67
CAGATCG	30	0.003934584	31.67814	80-81
GTGTTCT	50	0.0016359664	23.779594	50-51
ATTTGGA	135	0.009422707	17.562796	8
>>END_MODULE
