##FastQC	0.11.5
>>Basic Statistics	pass
#Measure	Value
Filename	SRR8652105_pass_2.trimmed.fastq.gz
File type	Conventional base calls
Encoding	Sanger / Illumina 1.9
Total Sequences	82536
Sequences flagged as poor quality	0
Sequence length	2-101
%GC	43
>>END_MODULE
>>Per base sequence quality	pass
#Base	Mean	Median	Lower Quartile	Upper Quartile	10th Percentile	90th Percentile
1	31.99407531259087	33.0	31.0	34.0	30.0	34.0
2	32.14417950954735	34.0	31.0	34.0	30.0	34.0
3	32.178493502715284	34.0	31.0	34.0	30.0	34.0
4	35.65328622251363	37.0	35.0	37.0	33.0	37.0
5	35.64867663000451	37.0	35.0	37.0	33.0	37.0
6	35.68391618638273	37.0	35.0	37.0	33.0	37.0
7	35.71816524091004	37.0	35.0	37.0	33.0	37.0
8	35.74539347055867	37.0	35.0	37.0	33.0	37.0
9	37.41803842563019	39.0	37.0	39.0	34.0	39.0
10-11	37.43764868014803	39.0	37.0	39.0	34.0	39.0
12-13	37.43200871065959	39.0	37.0	39.0	34.0	39.0
14-15	38.85768901052367	40.0	38.0	41.0	34.0	41.0
16-17	38.83907409541887	40.0	38.0	41.0	34.0	41.0
18-19	38.83704647367002	40.0	38.0	41.0	34.0	41.0
20-21	38.82097092864595	40.0	38.0	41.0	34.0	41.0
22-23	38.74361007180966	40.0	38.0	41.0	34.0	41.0
24-25	38.71719448286778	40.0	38.0	41.0	34.0	41.0
26-27	38.736134826785104	40.0	38.0	41.0	34.0	41.0
28-29	38.69018284836724	40.0	38.0	41.0	34.0	41.0
30-31	38.663072734794675	40.0	38.0	41.0	34.0	41.0
32-33	38.61211783837808	40.0	38.0	41.0	34.0	41.0
34-35	38.55601793274663	40.0	38.0	41.0	34.0	41.0
36-37	38.485034036710154	40.0	38.0	41.0	34.0	41.0
38-39	38.4800861413691	40.0	38.0	41.0	34.0	41.0
40-41	38.55349108918682	40.0	38.0	41.0	34.0	41.0
42-43	38.59406653701124	40.0	38.0	41.0	34.0	41.0
44-45	38.51876466695548	40.0	38.0	41.0	34.0	41.0
46-47	38.44623382133864	40.0	38.0	41.0	34.0	41.0
48-49	38.34101039998528	40.0	38.0	41.0	33.0	41.0
50-51	37.71123255081385	39.5	36.5	40.5	32.5	41.0
52-53	37.774163509489895	39.0	37.0	40.5	33.0	41.0
54-55	38.05271121975406	40.0	37.0	41.0	33.0	41.0
56-57	38.083427991098915	40.0	37.0	41.0	33.0	41.0
58-59	37.954280271671024	40.0	36.5	41.0	33.0	41.0
60-61	37.7627442093807	39.0	36.0	41.0	33.0	41.0
62-63	37.636769689898486	39.0	36.0	41.0	33.0	41.0
64-65	37.50442461054975	39.0	35.5	41.0	33.0	41.0
66-67	37.29001509821931	38.5	35.0	40.5	33.0	41.0
68-69	36.988481768834454	38.0	35.0	40.0	32.0	41.0
70-71	36.70845491854038	37.0	35.0	40.0	32.0	41.0
72-73	36.40662309378787	37.0	35.0	39.0	32.0	41.0
74-75	36.105230287299456	36.0	35.0	39.0	32.0	41.0
76-77	35.77779642997815	36.0	34.5	39.0	31.5	40.5
78-79	35.46269237225078	35.5	34.0	37.5	31.0	39.5
80-81	35.156526969581805	35.0	34.0	37.0	31.0	39.0
82-83	34.875407964683546	35.0	34.0	37.0	31.0	39.0
84-85	34.60514705694064	35.0	34.0	36.0	31.0	38.0
86-87	34.37737617510308	35.0	34.0	36.0	31.0	37.0
88-89	34.18868229016461	35.0	34.0	36.0	31.0	37.0
90-91	34.021030597122156	35.0	34.0	35.0	31.0	36.5
92-93	33.90204975299134	35.0	34.0	35.0	31.0	36.0
94-95	33.79691954858036	35.0	34.0	35.0	31.0	36.0
96-97	33.72647113172411	35.0	34.0	35.0	30.5	36.0
98-99	33.71888356244855	35.0	34.0	35.0	31.0	36.0
100-101	33.04973793066695	34.5	32.5	35.0	29.0	35.0
>>END_MODULE
>>Per sequence quality scores	pass
#Quality	Count
20	40.0
21	67.0
22	142.0
23	192.0
24	281.0
25	430.0
26	499.0
27	666.0
28	865.0
29	1175.0
30	1652.0
31	2261.0
32	2835.0
33	3614.0
34	4796.0
35	6431.0
36	9550.0
37	16993.0
38	21379.0
39	8612.0
40	56.0
>>END_MODULE
>>Per base sequence content	pass
#Base	G	A	T	C
1	19.35155568479209	31.140350877192986	27.569787728990985	21.938305709023943
2	21.768682756615295	32.049045265096446	27.20025201124358	18.982019967044682
3	21.9816718386346	29.1844453064391	28.16985065942591	20.664032195500386
4	21.86240225363058	28.33066200398271	28.301520229248627	21.505415513138086
5	21.52957942046991	28.746300288668834	28.807200886712707	20.916919404148548
6	21.42229168701768	28.477581322653123	28.140568525935333	21.959558464393865
7	21.935847070773825	28.467403409577656	28.462508107843497	21.13424141180502
8	20.94055339651093	28.763378244185905	29.091934435876375	21.204133923426795
9	21.1869195616923	28.40769495356494	29.271288880153307	21.134096604589455
10-11	21.21478981660529	28.602923969405474	28.81230678277149	21.369979431217743
12-13	21.210472964620365	28.603481098721783	28.793853685069347	21.392192251588497
14-15	21.288869866200198	28.76726774227565	28.67856411783315	21.265298273691002
16-17	21.45403417963282	28.34968489290091	28.7777079613535	21.418572966112766
18-19	21.315791115353182	28.372603696841526	28.81053531213545	21.50106987566984
20-21	21.469266118227466	28.25087963136872	28.476265604848304	21.803588645555514
22-23	21.46819805766618	28.251899562220096	28.4393398077794	21.840562572334324
24-25	21.49606498149341	28.343502482282943	28.38834779752656	21.772084738697085
26-27	21.458026696442168	28.297086738060194	28.333883165000255	21.911003400497385
28-29	21.52887903857544	28.27273479941662	28.338332791990677	21.86005337001726
30-31	21.38945861846435	28.37444970512501	28.345696997578386	21.890394678832255
32-33	21.647508350376008	28.35665882383111	28.350247786589396	21.645585039203493
34-35	21.66283805957184	28.240320702147237	28.26477231048395	21.832068927796975
36-37	21.627032822248342	28.52538848056628	28.151439606288026	21.696139090897347
38-39	21.748825149894667	28.224923027062065	28.221682061254256	21.804569761789015
40-41	21.624398491351283	28.362595916243983	28.056964494732732	21.956041097672
42-43	21.61657936450988	28.278070959366993	28.195226322415675	21.910123353707462
44-45	21.447075755593353	28.24807012953029	28.299097213136204	22.005756901740153
46-47	21.611389955056918	28.18620214545812	28.188170455663812	22.01423744382115
48-49	21.69564244633668	28.099706513299026	28.017451271995053	22.18719976836924
50-51	21.473053022248344	28.352935738012373	28.214255053590183	21.9597561861491
52-53	21.591451450389776	28.250782202895476	28.13610330381291	22.02166304290184
54-55	21.66146640676455	28.063440953210968	28.336870397104708	21.938222242919775
56-57	21.37425475521254	28.47319121662672	28.394410580639995	21.758143447520748
58-59	21.473206212702685	28.462161854434154	28.213010776453885	21.85162115640928
60-61	21.40937432810148	28.607423134809718	28.21100301010535	21.772199526983442
62-63	21.809439675228777	28.073559063720165	28.310933380088883	21.806067880962175
64-65	21.706265691296785	28.15669980307634	28.272417830050145	21.864616675576727
66-67	21.42250660580496	28.16008803211542	28.486812164190763	21.93059319788886
68-69	21.401637835220956	28.39687161199261	28.246179861854532	21.955310690931903
70-71	21.646337289690198	28.342710857393183	28.39267868632524	21.618273166591372
72-73	21.45933951181308	28.51558474570449	28.443449048152296	21.581626694330133
74-75	21.442173679053912	28.609574012999023	28.39016379869458	21.55808850925249
76-77	21.497082345766284	28.579843929754528	28.432228644295677	21.490845080183515
78-79	21.57164439926758	28.72390049640403	28.249775469425547	21.454679634902842
80-81	21.581999146680094	28.59391065320939	28.362395171048675	21.461695029061836
82-83	21.55408729879806	28.815632248541505	28.246292261193506	21.38398819146693
84-85	21.42398067646498	28.835573384938094	28.449243938441544	21.29120200015538
86-87	21.41563634039471	28.866652936873727	28.498789174294988	21.21892154843658
88-89	21.443004533933095	29.08214629966799	28.4481096712006	21.026739495198317
90-91	21.50063549737543	29.054796389513214	28.092574374735207	21.351993738376144
92-93	21.623847643267922	28.9151229662168	28.3942143744762	21.066815016039072
94-95	21.685975432264073	29.19601793095418	28.130639809046983	20.98736682773476
96-97	21.575940909558145	29.34698013186684	28.0554780540096	21.021600904565414
98-99	21.58956725806332	29.196527370351944	28.28306833119203	20.930837040392714
100-101	22.205328476166954	28.864380093850333	27.732927883428005	21.197363546554705
>>END_MODULE
>>Per sequence GC content	warn
#GC Content	Count
0	165.0
1	163.5
2	161.5
3	165.5
4	164.0
5	162.5
6	176.5
7	191.0
8	204.0
9	212.5
10	221.0
11	236.5
12	248.0
13	297.0
14	345.5
15	358.0
16	370.5
17	395.5
18	434.5
19	494.0
20	565.0
21	631.5
22	721.0
23	822.0
24	933.0
25	1128.5
26	1344.0
27	1493.0
28	1613.0
29	1756.5
30	2001.0
31	2303.5
32	2550.0
33	2749.5
34	2859.5
35	2955.0
36	3109.0
37	3133.5
38	3222.5
39	3444.0
40	3657.0
41	3908.0
42	4161.5
43	4167.5
44	3995.0
45	4049.5
46	4118.5
47	3888.0
48	3890.0
49	3785.5
50	3373.0
51	3172.5
52	2823.5
53	2526.0
54	2358.5
55	2138.5
56	1981.5
57	1903.5
58	1864.5
59	1762.0
60	1633.0
61	1509.5
62	1416.0
63	1277.0
64	1105.5
65	1014.5
66	917.0
67	823.5
68	751.0
69	690.5
70	609.0
71	525.5
72	497.0
73	470.5
74	441.0
75	393.5
76	346.5
77	325.0
78	297.0
79	247.0
80	206.0
81	184.0
82	170.5
83	149.5
84	129.5
85	126.5
86	122.5
87	119.5
88	98.5
89	77.0
90	69.0
91	62.0
92	59.5
93	55.0
94	51.5
95	49.5
96	48.0
97	46.5
98	46.0
99	46.0
100	46.0
>>END_MODULE
>>Per base N content	pass
#Base	N-Count
1	0.0
2	0.0
3	0.0
4	0.003642589152369504
5	0.0
6	0.0
7	0.0
8	0.0
9	0.0
10-11	0.0
12-13	0.0
14-15	6.203012182715927E-4
16-17	0.0
18-19	0.0
20-21	0.0
22-23	0.0018869467314937699
24-25	0.005684294294863293
26-27	0.010783996549121103
28-29	0.001910584638899503
30-31	0.0
32-33	0.0
34-35	0.0012869101929721834
36-37	0.005166556877333023
38-39	6.481889600456325E-4
40-41	0.0
42-43	0.0
44-45	0.0
46-47	0.0
48-49	6.580376002684793E-4
50-51	6.603798504900018E-4
52-53	0.0
54-55	6.652740263714624E-4
56-57	0.0
58-59	0.0
60-61	0.0
62-63	0.0
64-65	0.0
66-67	0.0
68-69	0.0
70-71	0.0
72-73	0.0
74-75	0.0
76-77	0.0
78-79	0.0
80-81	0.0
82-83	0.0
84-85	0.0
86-87	0.0
88-89	0.0
90-91	0.0
92-93	0.0
94-95	0.0
96-97	0.0
98-99	0.0
100-101	0.0
>>END_MODULE
>>Sequence Length Distribution	warn
#Length	Count
2-3	177.0
4-5	463.0
6-7	327.0
8-9	303.0
10-11	289.0
12-13	305.0
14-15	250.0
16-17	219.0
18-19	238.0
20-21	396.0
22-23	315.0
24-25	352.0
26-27	318.0
28-29	269.0
30-31	253.0
32-33	282.0
34-35	293.0
36-37	278.0
38-39	265.0
40-41	229.0
42-43	236.0
44-45	219.0
46-47	214.0
48-49	260.0
50-51	287.0
52-53	275.0
54-55	274.0
56-57	230.0
58-59	238.0
60-61	269.0
62-63	258.0
64-65	280.0
66-67	273.0
68-69	289.0
70-71	269.0
72-73	292.0
74-75	322.0
76-77	328.0
78-79	325.0
80-81	355.0
82-83	331.0
84-85	385.0
86-87	393.0
88-89	385.0
90-91	413.0
92-93	474.0
94-95	575.0
96-97	691.0
98-99	1152.0
100-101	66423.0
>>END_MODULE
>>Sequence Duplication Levels	pass
#Total Deduplicated Percentage	80.4085489968014
#Duplication Level	Percentage of deduplicated	Percentage of total
1	90.33691950697647	72.63860618396821
2	6.1778621583340865	9.935058641077834
3	1.069824910345659	2.5806920616458275
4	0.548473616008197	1.7640787050499176
5	0.3766989120935419	1.5144906465057673
6	0.3314950426423169	1.59930212271009
7	0.23355332549799598	1.314577881167006
8	0.18382906910164842	1.182514296791703
9	0.13711840400204925	0.9922942715905787
>10	0.6042250549980411	6.47838518949307
>50	0.0	0.0
>100	0.0	0.0
>500	0.0	0.0
>1k	0.0	0.0
>5k	0.0	0.0
>10k+	0.0	0.0
>>END_MODULE
>>Overrepresented sequences	pass
>>END_MODULE
>>Adapter Content	pass
#Position	Illumina Universal Adapter	Illumina Small RNA 3' Adapter	Illumina Small RNA 5' Adapter	Nextera Transposase Sequence	SOLID Small RNA Adapter
1	0.0	0.0	0.0	0.0	0.0
2	0.0	0.0	0.0	0.0	0.0
3	0.0	0.0	0.0	0.0	0.0
4	0.0	0.0	0.0	0.0	0.0
5	0.0	0.0	0.0	0.0	0.0
6	0.0	0.0	0.0	0.0	0.0
7	0.0	0.0	0.0	0.0	0.0
8	0.0	0.0	0.0	0.0	0.0
9	0.0	0.0	0.0	0.0	0.0
10-11	0.0	0.0	0.0	0.0	0.0
12-13	0.0	0.0	0.0	0.0	0.0
14-15	0.0	0.0	0.0	0.0	0.0
16-17	0.0	0.0	0.0	0.0	0.0
18-19	0.0	0.0	0.0	0.0	0.0
20-21	0.0	0.0	0.0	0.0	0.0
22-23	0.0	0.0	0.0	0.0	0.0
24-25	0.0	0.0	0.0	0.0	0.0
26-27	0.0	0.0	0.0	0.0	0.0
28-29	0.0	0.0	0.0	0.0	0.0
30-31	0.0	0.0	0.0	0.0	0.0
32-33	0.0	0.0	0.0	0.0	0.0
34-35	0.0	0.0	0.0	0.0	0.0
36-37	0.0	0.0	0.0	0.0	0.0
38-39	0.0	0.0	0.0	0.0	0.0
40-41	0.0	0.0	0.0	0.0	0.0
42-43	0.0	0.0	0.0	0.0	0.0
44-45	0.0	0.0	0.0	0.0	0.0
46-47	0.0	0.0	0.0	0.0	0.0
48-49	0.0	0.0	0.0	0.0	0.0
50-51	0.0	0.0	0.0	0.0	0.0
52-53	0.0	0.0	0.0	0.0	0.0
54-55	0.0	0.0	0.0	0.0	0.0
56-57	0.0	0.0	0.0	0.0	0.0
58-59	0.0	0.0	0.0	0.0	0.0
60-61	0.003634777551613841	0.0	0.0	0.0	0.0
62-63	0.010298536396239217	0.0	0.0	0.0	0.0
64-65	0.01938548027527382	0.0	0.0	0.0	0.0
66-67	0.03089560918871765	0.0	0.0	0.0	0.0
68-69	0.04240573810216148	0.0	0.0	0.0	0.0
70-71	0.07572453232528836	0.0	0.0	0.0	0.0
72-73	0.10783173403121063	0.0	0.0	0.0	0.0
74-75	0.14357371328874674	0.0	0.0	0.0	0.0
76-77	0.1859794513909082	0.0	0.0	0.0	0.0
78-79	0.25079965106135504	0.0	0.0	0.0	0.0
80-81	0.31319666569739263	0.0	0.0	0.0	0.0
82-83	0.37862266162644176	0.0	0.0	0.0	0.0
84-85	0.46525152660657165	0.0	0.0	0.0	0.0
86-87	0.5664195017931569	0.0	0.0	0.0	0.0
88-89	0.6718280507899583	0.0	0.0	0.0	0.0
>>END_MODULE
>>Kmer Content	pass
>>END_MODULE
