##FastQC	0.11.5
>>Basic Statistics	pass
#Measure	Value
Filename	SRR8652107_pass_2.trimmed.fastq.gz
File type	Conventional base calls
Encoding	Sanger / Illumina 1.9
Total Sequences	78702
Sequences flagged as poor quality	0
Sequence length	2-101
%GC	42
>>END_MODULE
>>Per base sequence quality	pass
#Base	Mean	Median	Lower Quartile	Upper Quartile	10th Percentile	90th Percentile
1	31.632385453991002	33.0	31.0	34.0	28.0	34.0
2	31.178661279255927	33.0	31.0	34.0	27.0	34.0
3	31.499084551811823	33.0	31.0	34.0	27.0	34.0
4	35.420165070307725	37.0	35.0	37.0	32.0	37.0
5	35.54787948570332	37.0	35.0	37.0	33.0	37.0
6	35.67863835904809	37.0	35.0	37.0	33.0	37.0
7	35.5170202078745	37.0	35.0	37.0	33.0	37.0
8	35.7313245854213	37.0	35.0	37.0	33.0	37.0
9	37.05489179733057	39.0	37.0	39.0	33.0	39.0
10-11	37.26869200128828	39.0	37.0	39.0	33.5	39.0
12-13	37.475157892831376	39.0	37.0	39.0	34.0	39.0
14-15	38.81931281714869	40.0	38.0	41.0	34.5	41.0
16-17	38.642797101307224	40.0	38.0	41.0	33.5	41.0
18-19	38.770549731539674	40.0	38.5	41.0	34.5	41.0
20-21	38.996602841389745	40.0	39.0	41.0	35.0	41.0
22-23	38.97251709860758	40.0	39.0	41.0	35.0	41.0
24-25	38.94049087105668	40.0	38.0	41.0	35.0	41.0
26-27	38.91449111742433	40.0	38.0	41.0	35.0	41.0
28-29	38.862200560939534	40.0	38.0	41.0	35.0	41.0
30-31	38.77081560977669	40.0	38.0	41.0	34.0	41.0
32-33	38.76015894632912	40.0	38.0	41.0	35.0	41.0
34-35	38.69502984639592	40.0	38.0	41.0	34.0	41.0
36-37	38.645920309258145	40.0	38.0	41.0	34.0	41.0
38-39	38.6423610373297	40.0	38.0	41.0	34.0	41.0
40-41	38.625086987117925	40.0	38.0	41.0	34.0	41.0
42-43	38.41767800898256	40.0	38.0	41.0	33.5	41.0
44-45	38.039429589969345	40.0	37.0	41.0	33.0	41.0
46-47	37.952541481384564	40.0	37.0	41.0	33.0	41.0
48-49	37.946070384401665	40.0	37.0	41.0	33.0	41.0
50-51	37.4007456177678	39.0	36.0	40.5	32.0	41.0
52-53	37.48531974437205	39.0	36.0	40.0	32.5	41.0
54-55	37.79069009455125	39.0	36.5	41.0	33.0	41.0
56-57	37.760449481838904	39.0	36.0	41.0	33.0	41.0
58-59	37.600757104951484	39.0	36.0	41.0	33.0	41.0
60-61	37.41674217340826	39.0	35.5	41.0	32.0	41.0
62-63	37.22169557617903	39.0	35.0	40.0	32.0	41.0
64-65	37.04459801571495	38.0	35.0	40.0	32.0	41.0
66-67	36.826144339518486	38.0	35.0	40.0	32.0	41.0
68-69	36.56789393990047	37.0	35.0	40.0	31.0	41.0
70-71	36.405600477968115	37.0	35.0	39.5	31.5	41.0
72-73	36.1471693324063	36.5	35.0	39.0	31.0	41.0
74-75	35.839847600007744	36.0	34.0	39.0	31.0	41.0
76-77	35.540525538364875	36.0	34.0	38.5	31.0	40.0
78-79	35.249367376037554	35.0	34.0	37.5	31.0	39.5
80-81	34.96532678694287	35.0	34.0	37.0	31.0	39.0
82-83	34.698364940241426	35.0	34.0	36.5	31.0	39.0
84-85	34.44645810339197	35.0	34.0	36.0	31.0	38.0
86-87	34.250253284548094	35.0	34.0	36.0	31.0	37.0
88-89	34.02990153845214	35.0	34.0	35.5	30.0	37.0
90-91	33.883793476229	35.0	34.0	35.0	30.0	36.5
92-93	33.78102557003433	35.0	34.0	35.0	30.0	36.0
94-95	33.68172300942534	35.0	33.5	35.0	30.0	36.0
96-97	33.63468458172066	35.0	33.0	35.0	30.0	36.0
98-99	33.67969175999522	35.0	34.0	35.0	30.5	36.0
100-101	33.17229626299509	34.5	32.5	35.0	29.0	35.0
>>END_MODULE
>>Per sequence quality scores	pass
#Quality	Count
19	2.0
20	56.0
21	102.0
22	160.0
23	238.0
24	336.0
25	467.0
26	602.0
27	658.0
28	829.0
29	1159.0
30	1494.0
31	2081.0
32	2643.0
33	3601.0
34	5158.0
35	7154.0
36	10526.0
37	16473.0
38	18615.0
39	6300.0
40	48.0
>>END_MODULE
>>Per base sequence content	pass
#Base	G	A	T	C
1	19.59110026811014	31.432419725790673	27.718268338860724	21.258211667238466
2	22.306148792863258	31.503137660877012	27.280395690349295	18.91031785591043
3	21.725365543547362	29.26255562619199	28.17546090273363	20.83661792752702
4	21.805583859792133	28.45679641328714	28.226258406358262	21.51136132056246
5	21.884475148723855	28.71233928228747	28.876095439135163	20.527090129853516
6	21.88791620671065	28.723076528123638	27.993992760506252	21.395014504659464
7	21.92084283193591	29.000682611439537	28.48936800484268	20.589106551781875
8	21.54130288784419	28.9869297928398	28.77770315648086	20.69406416283515
9	21.486328884281455	28.696384605416615	29.10587015679668	20.71141635350525
10-11	21.504005826656954	28.730100926022267	28.741806263656226	21.02408698366455
12-13	21.41942898936865	28.847007810255203	28.77582739074785	20.957735809628293
14-15	21.6248655455571	28.548285541884198	28.834903061626044	20.991945850932655
16-17	21.492796869750805	28.568134959060398	28.658379937948343	21.280688233240454
18-19	21.567823510739604	28.35083589038197	28.70794095862872	21.37339964024971
20-21	21.445666514184186	28.221855380311194	28.73631801215882	21.596160093345798
22-23	21.34796363249681	28.372899829859634	28.619470438111446	21.659666099532114
24-25	21.597595676482545	28.494032506347335	28.432058535415127	21.476313281754997
26-27	21.73985673811942	28.340995349334474	28.471294167958515	21.44785374458759
28-29	21.565224383673634	28.37145097198303	28.394904543962046	21.66842010038129
30-31	21.49236879775802	28.317103167402568	28.577861112791254	21.61266692204816
32-33	21.707537376814916	28.27830729201774	28.213597206681317	21.800558124486027
34-35	21.636039105918627	28.190201884981004	28.674969237218235	21.49878977188214
36-37	21.61039947894051	28.356355840208426	28.382815892314373	21.65042878853669
38-39	21.735492210354444	28.281515749370705	28.395809238723725	21.587182801551126
40-41	21.7603711790393	28.502319868995635	28.04653384279476	21.690775109170303
42-43	21.713878691578543	28.363514327982024	28.125856117473013	21.796750862966412
44-45	21.571405969471634	28.206063024082876	28.565827216883466	21.656703789562023
46-47	21.471926113346328	28.51148257220678	28.182421502343523	21.83416981210336
48-49	21.443107076628166	28.423889263166668	28.15302019016398	21.979983470041187
50-51	21.595097163278982	28.379076390440027	28.306483136028593	21.719343310252402
52-53	21.50762368321387	28.26654135865677	28.26934676186335	21.956488196266008
54-55	21.51736475493545	28.280146214687672	28.364663375192805	21.83782565518407
56-57	21.530325846430113	28.252985217077775	28.34913430472191	21.867554631770204
58-59	21.569615581170858	28.230935210947706	28.523366078019418	21.67608312986202
60-61	21.461874073229154	28.301442910915934	28.506045397513404	21.730637618341508
62-63	21.361900873215426	28.360518341821933	28.7315811717849	21.545999613177745
64-65	21.375408490851243	28.212861523400946	28.669219584527017	21.742510401220795
66-67	21.45480838756327	28.66305133767173	28.545914678235718	21.336225596529285
68-69	21.572372721330524	28.350642748202482	28.575059917205316	21.501924613261675
70-71	21.61574283587101	28.453599217529675	28.549218259587448	21.38143968701187
72-73	21.62701323085047	28.619415026256345	28.43679408572183	21.316777657171357
74-75	21.402464186759417	28.504686670989805	28.720597771620586	21.372251370630195
76-77	21.479457329897212	28.730116413400868	28.48573713676353	21.304689119938384
78-79	21.401247339356683	29.06538856555974	28.387389667028863	21.145974428054718
80-81	21.515740671502282	28.95685336125028	28.578479024900922	20.948926942346517
82-83	21.20412749231544	29.111897729578608	28.515921508503745	21.168053269602208
84-85	21.28406961987067	28.90478636610866	28.510455067383816	21.300688946636853
86-87	21.473533945344236	29.002938563520807	28.48584250210711	21.037684989027845
88-89	21.247395217122488	29.16822508377287	28.415605034768603	21.168774664336038
90-91	21.07287635894601	29.086818991462444	28.716755727535165	21.123548922056383
92-93	21.233484938572854	29.26959221021907	28.40165864883439	21.09526420237369
94-95	21.431790631896313	29.220153544897897	28.36773070587138	20.980325117334413
96-97	21.336443039163512	29.16366653100836	28.57120495883292	20.92868547099521
98-99	21.121888032351826	29.303835460634396	28.50925691899406	21.065019588019716
100-101	21.53622174687477	29.22139714195086	28.00058559914112	21.24179551203325
>>END_MODULE
>>Per sequence GC content	warn
#GC Content	Count
0	271.0
1	273.5
2	277.0
3	278.5
4	277.5
5	273.0
6	276.5
7	297.0
8	315.5
9	321.0
10	335.5
11	354.0
12	367.5
13	412.0
14	462.5
15	491.5
16	523.5
17	573.0
18	618.5
19	674.5
20	750.5
21	810.5
22	866.0
23	965.0
24	1100.5
25	1273.5
26	1486.0
27	1635.5
28	1761.0
29	1865.0
30	2049.0
31	2330.0
32	2524.0
33	2681.5
34	2822.5
35	2934.5
36	3008.0
37	3061.0
38	3147.0
39	3278.5
40	3500.0
41	3880.0
42	4169.0
43	4036.5
44	3995.5
45	4028.0
46	3930.5
47	3726.0
48	3679.5
49	3737.5
50	3446.5
51	3211.0
52	2855.5
53	2469.5
54	2266.5
55	2065.5
56	1928.5
57	1787.5
58	1668.5
59	1606.5
60	1491.5
61	1356.5
62	1282.5
63	1197.5
64	1072.5
65	973.0
66	917.5
67	866.5
68	799.5
69	739.0
70	653.0
71	593.0
72	565.5
73	529.0
74	521.5
75	470.5
76	401.5
77	366.0
78	329.5
79	292.0
80	261.0
81	230.5
82	206.5
83	185.5
84	168.0
85	162.5
86	155.5
87	154.0
88	120.0
89	86.5
90	79.0
91	71.0
92	66.0
93	57.0
94	50.0
95	46.5
96	44.5
97	42.0
98	40.5
99	40.0
100	40.0
>>END_MODULE
>>Per base N content	pass
#Base	N-Count
1	0.003811847221163376
2	0.5832126248379965
3	0.0
4	0.0
5	0.0
6	0.0
7	0.0
8	0.0
9	0.0
10-11	0.0
12-13	0.0
14-15	0.0
16-17	0.001317427590886036
18-19	0.0
20-21	0.0
22-23	6.646063868673777E-4
24-25	0.0
26-27	0.0
28-29	0.0013401861518564928
30-31	0.0
32-33	0.0013481086036291083
34-35	0.0
36-37	6.784582714240161E-4
38-39	0.0
40-41	6.82309754982567E-4
42-43	0.0
44-45	0.0
46-47	0.0
48-49	0.0
50-51	0.0
52-53	0.0
54-55	0.0
56-57	0.0
58-59	0.0
60-61	0.0
62-63	0.0
64-65	0.0
66-67	0.0
68-69	0.0
70-71	0.0
72-73	0.0
74-75	0.0
76-77	0.0
78-79	0.0
80-81	0.0
82-83	0.0
84-85	0.0
86-87	0.0
88-89	0.0
90-91	0.0
92-93	0.0
94-95	0.0
96-97	0.0
98-99	0.0
100-101	0.0
>>END_MODULE
>>Sequence Length Distribution	warn
#Length	Count
2-3	190.0
4-5	606.0
6-7	478.0
8-9	428.0
10-11	358.0
12-13	303.0
14-15	371.0
16-17	306.0
18-19	204.0
20-21	183.0
22-23	201.0
24-25	198.0
26-27	204.0
28-29	215.0
30-31	222.0
32-33	219.0
34-35	260.0
36-37	217.0
38-39	197.0
40-41	262.0
42-43	310.0
44-45	354.0
46-47	348.0
48-49	347.0
50-51	341.0
52-53	312.0
54-55	279.0
56-57	270.0
58-59	302.0
60-61	338.0
62-63	328.0
64-65	328.0
66-67	292.0
68-69	346.0
70-71	336.0
72-73	313.0
74-75	338.0
76-77	332.0
78-79	321.0
80-81	326.0
82-83	336.0
84-85	343.0
86-87	342.0
88-89	377.0
90-91	378.0
92-93	394.0
94-95	435.0
96-97	546.0
98-99	815.0
100-101	62653.0
>>END_MODULE
>>Sequence Duplication Levels	pass
#Total Deduplicated Percentage	80.84292648217325
#Duplication Level	Percentage of deduplicated	Percentage of total
1	91.20628683693516	73.73383141470356
2	5.340667976424362	8.635104571675434
3	0.9414538310412575	2.2832964854768623
4	0.5390962671905698	1.7432847958120505
5	0.4463654223968566	1.8042743513506647
6	0.34106090373280945	1.6543416939849052
7	0.2168958742632613	1.227414805214607
8	0.23104125736738707	1.4942441106960433
9	0.17603143418467584	1.2807806663108943
>10	0.5611001964636543	6.1434271047749744
>50	0.0	0.0
>100	0.0	0.0
>500	0.0	0.0
>1k	0.0	0.0
>5k	0.0	0.0
>10k+	0.0	0.0
>>END_MODULE
>>Overrepresented sequences	pass
>>END_MODULE
>>Adapter Content	pass
#Position	Illumina Universal Adapter	Illumina Small RNA 3' Adapter	Illumina Small RNA 5' Adapter	Nextera Transposase Sequence	SOLID Small RNA Adapter
1	0.0	0.0	0.0	0.0	0.0
2	0.0	0.0	0.0	0.0	0.0
3	0.0	0.0	0.0	0.0	0.0
4	0.0	0.0	0.0	0.0	0.0
5	0.0	0.0	0.0	0.0	0.0
6	0.0	0.0	0.0	0.0	0.0
7	0.0	0.0	0.0	0.0	0.0
8	0.0	0.0	0.0	0.0	0.0
9	0.0	0.0	0.0	0.0	0.0
10-11	0.0	0.0	0.0	0.0	0.0
12-13	0.0	0.0	0.0	0.0	0.0
14-15	0.0	0.0	0.0	0.0	0.0
16-17	0.0	0.0	0.0	0.0	0.0
18-19	0.0	0.0	0.0	0.0	0.0
20-21	0.0	0.0	0.0	0.0	0.0
22-23	0.0	0.0	0.0	0.0	0.0
24-25	0.0	0.0	0.0	0.0	0.0
26-27	0.0	0.0	0.0	0.0	0.0
28-29	0.0	0.0	0.0	0.0	0.0
30-31	0.0	0.0	0.0	0.0	0.0
32-33	0.0	0.0	0.0	0.0	0.0
34-35	0.0	0.0	0.0	0.0	0.0
36-37	0.0	0.0	0.0	0.0	0.0
38-39	0.0	0.0	0.0	0.0	0.0
40-41	0.0	0.0	0.0	0.0	0.0
42-43	0.0	0.0	0.0	0.0	0.0
44-45	0.0	0.0	0.0	0.0	0.0
46-47	0.0	0.0	0.0	0.0	0.0
48-49	0.0	0.0	0.0	0.0	0.0
50-51	0.0	0.0	0.0	0.0	0.0
52-53	0.0	0.0	0.0	0.0	0.0
54-55	6.35307870193896E-4	0.0	0.0	0.0	0.0
56-57	0.001905923610581688	0.0	0.0	0.0	0.0
58-59	0.00317653935096948	0.0	0.0	0.0	0.0
60-61	0.008259002312520648	0.0	0.0	0.0	0.0
62-63	0.015247388884653504	0.0	0.0	0.0	0.0
64-65	0.021600467586592464	0.0	0.0	0.0	0.0
66-67	0.03748316434143986	0.0	0.0	0.0	0.0
68-69	0.05590709257706285	0.0	0.0	0.0	0.0
70-71	0.07750756016365531	0.0	0.0	0.0	0.0
72-73	0.10800233793296231	0.0	0.0	0.0	0.0
74-75	0.14103834718304492	0.0	0.0	0.0	0.0
76-77	0.18042743513506646	0.0	0.0	0.0	0.0
78-79	0.22871083326980254	0.0	0.0	0.0	0.0
80-81	0.2858885415872532	0.0	0.0	0.0	0.0
82-83	0.341795634164316	0.0	0.0	0.0	0.0
84-85	0.4129501156260324	0.0	0.0	0.0	0.0
86-87	0.49426952301085103	0.0	0.0	0.0	0.0
88-89	0.5978247058524562	0.0	0.0	0.0	0.0
>>END_MODULE
>>Kmer Content	warn
#Sequence	Count	PValue	Obs/Exp Max	Max Obs/Exp Position
TGTAACT	25	0.0069731395	52.413094	4
ATCCCAC	40	0.008120206	27.307333	94-95
GGCCCAT	60	0.0025456666	22.032988	92-93
AAGAGCG	65	0.0033577164	21.005642	94-95
GACCTCA	70	0.008427651	17.915493	72-73
>>END_MODULE
