##FastQC	0.11.5
>>Basic Statistics	pass
#Measure	Value
Filename	SRR8652107_pass_2.fastq.gz
File type	Conventional base calls
Encoding	Sanger / Illumina 1.9
Total Sequences	85172
Sequences flagged as poor quality	0
Sequence length	101
%GC	43
>>END_MODULE
>>Per base sequence quality	pass
#Base	Mean	Median	Lower Quartile	Upper Quartile	10th Percentile	90th Percentile
1	30.080824684168505	31.0	31.0	34.0	25.0	34.0
2	29.52817827455032	31.0	30.0	34.0	16.0	34.0
3	29.855339783027286	31.0	30.0	34.0	23.0	34.0
4	33.588197999342505	37.0	35.0	37.0	28.0	37.0
5	33.718076363124034	37.0	35.0	37.0	28.0	37.0
6	33.86544873902221	37.0	35.0	37.0	30.0	37.0
7	33.689686751514586	37.0	35.0	37.0	28.0	37.0
8	33.88294275113887	37.0	35.0	37.0	30.0	37.0
9	35.04292490489832	39.0	35.0	39.0	27.0	39.0
10-11	35.2143955760109	39.0	36.0	39.0	28.5	39.0
12-13	35.35966632226553	39.0	37.0	39.0	30.0	39.0
14-15	36.51206969426572	40.0	37.5	41.0	28.5	41.0
16-17	36.25072793875921	40.0	37.0	41.0	28.0	41.0
18-19	36.307213638284885	40.0	37.0	41.0	27.5	41.0
20-21	36.50565913680552	40.0	37.0	41.0	29.0	41.0
22-23	36.428961395763864	40.0	37.0	41.0	29.0	41.0
24-25	36.34310571549335	40.0	37.0	41.0	28.0	41.0
26-27	36.25093927581834	40.0	37.0	41.0	28.0	41.0
28-29	36.09682172544968	40.0	37.0	41.0	27.0	41.0
30-31	35.94245174470483	40.0	36.5	41.0	27.0	41.0
32-33	35.84467900248908	40.0	36.0	41.0	27.0	41.0
34-35	35.732594044991316	40.0	36.0	41.0	26.0	41.0
36-37	35.60122458084817	40.0	36.0	41.0	25.0	41.0
38-39	35.55797092941342	40.0	36.0	41.0	25.0	41.0
40-41	35.47488611280703	40.0	36.0	41.0	25.0	41.0
42-43	35.16911074061898	39.5	35.0	41.0	24.5	41.0
44-45	34.670572488611285	39.0	35.0	41.0	22.5	41.0
46-47	34.51305006340112	39.0	34.0	41.0	22.0	41.0
48-49	34.398012257549425	39.0	34.0	41.0	20.5	41.0
50-51	33.81545578359085	38.5	33.5	40.0	19.5	40.5
52-53	33.8179566054572	38.0	33.5	40.0	19.0	41.0
54-55	34.02807847649463	38.0	34.0	40.0	18.5	41.0
56-57	33.89901023810642	38.0	34.0	40.0	17.0	41.0
58-59	33.696150143239564	38.0	33.0	40.0	14.5	41.0
60-61	33.433763443385146	38.0	33.0	40.0	13.0	41.0
62-63	33.16119734184943	37.5	33.0	40.0	10.5	41.0
64-65	32.90313718123327	37.0	32.5	40.0	8.0	41.0
66-67	32.61064082092707	36.5	32.0	40.0	7.0	41.0
68-69	32.2882637486498	36.0	32.0	39.0	4.0	41.0
70-71	32.06013126379561	36.0	32.0	39.0	2.0	41.0
72-73	31.740677687502934	35.0	31.5	39.0	2.0	41.0
74-75	31.36993965152867	35.0	31.0	38.5	2.0	40.0
76-77	31.01205208284413	35.0	31.0	37.0	2.0	40.0
78-79	30.673818860658432	35.0	31.0	37.0	2.0	39.0
80-81	30.33553867468182	35.0	31.0	36.5	2.0	39.0
82-83	30.01197576668389	35.0	30.0	36.0	2.0	38.5
84-85	29.688653548114402	35.0	30.0	36.0	2.0	37.0
86-87	29.402456206264972	34.5	30.0	35.0	2.0	37.0
88-89	29.118742074860283	34.0	30.0	35.0	2.0	36.5
90-91	28.852850702108675	34.0	29.0	35.0	2.0	36.0
92-93	28.624788662940873	34.0	29.0	35.0	2.0	36.0
94-95	28.365930117879117	34.0	29.0	35.0	2.0	36.0
96-97	28.1248004038886	34.0	29.0	35.0	2.0	35.5
98-99	27.88988165124689	34.0	29.0	35.0	2.0	35.0
100-101	26.798542948386793	33.0	26.5	35.0	2.0	35.0
>>END_MODULE
>>Per sequence quality scores	pass
#Quality	Count
2	3245.0
3	384.0
4	274.0
5	238.0
6	242.0
7	249.0
8	264.0
9	238.0
10	305.0
11	304.0
12	340.0
13	311.0
14	333.0
15	359.0
16	370.0
17	336.0
18	377.0
19	367.0
20	366.0
21	425.0
22	421.0
23	502.0
24	539.0
25	628.0
26	765.0
27	984.0
28	1044.0
29	1260.0
30	1546.0
31	1836.0
32	2317.0
33	3128.0
34	4359.0
35	6277.0
36	9844.0
37	15946.0
38	18225.0
39	6178.0
40	46.0
>>END_MODULE
>>Per base sequence content	pass
#Base	G	A	T	C
1	19.701366290339635	31.338917540912348	27.98134420413294	20.97837196461508
2	22.53001908419568	31.337197586619723	27.20623970223913	18.92654362694546
3	22.189432595762693	29.079173231123757	28.10449831871517	20.626895854398384
4	21.988302717205833	28.28059357237841	28.169975405109614	21.56112830530614
5	21.978693883310207	28.648025774286857	28.668014956611714	20.70526538579122
6	21.956460476257575	28.770372457846037	27.92259640223569	21.3505706636607
7	22.41193048379521	28.844527947393146	28.305542508219823	20.437999060591828
8	21.62466827927949	29.093962095770415	28.62074634226533	20.660623282684764
9	21.947181155250767	28.458530513510023	28.97403680174732	20.62025152949189
10-11	21.869973111651227	28.603214860215807	28.63433019831625	20.892481829816713
12-13	21.56062678698284	28.854158716366562	28.545931696892485	21.039282799758116
14-15	21.97753811651295	28.44663101101959	28.649175438699487	20.92665543376797
16-17	21.945620328673503	28.54316261647125	28.35763059164754	21.15358646320771
18-19	22.04074443726883	28.161216462161686	28.499383549580227	21.298655550989256
20-21	21.614687301848242	28.118174772785988	28.666541415185176	21.600596510180598
22-23	21.73440747830376	28.410625579838644	28.327833429239135	21.527133512618462
24-25	21.90092592048944	28.471027554501312	28.1116975991827	21.51634892582655
26-27	22.161032373213718	28.21236922137548	28.235853598393668	21.390744807017132
28-29	22.02917795260786	28.20143715811677	28.194974059472262	21.57441082980311
30-31	21.899237322467577	28.060544501265255	28.37524439147257	21.664973784794594
32-33	21.929752406021223	28.097862489570968	28.15720513754568	21.815179966862125
34-35	21.894870334599556	27.960991762709675	28.565725122267693	21.57841278042308
36-37	21.942355227543608	28.126045831645325	28.1401370369718	21.791461903839267
38-39	22.06886429682684	28.26488977602959	28.097572430798134	21.568673496345436
40-41	21.979357474989435	28.288361279413838	28.086398008548212	21.64588323704852
42-43	22.05940198789416	28.104690279514593	28.072400209004822	21.76350752358643
44-45	21.97305202814618	27.96762484288181	28.55968141717669	21.499641711795316
46-47	21.864779966532602	28.294630537533394	28.08267034612336	21.757919149810647
48-49	21.872943885703545	28.145267412350783	28.075946987498824	21.905841714446847
50-51	22.141594894646307	28.136980350024366	28.024845741526793	21.696579013802538
52-53	21.99907216555385	28.065817521977344	28.04643870126667	21.88867161120213
54-55	22.063037249283667	28.010944619286953	28.053807130442955	21.872211000986425
56-57	22.043702176887525	28.112209244284713	28.051723834187765	21.792364744639993
58-59	22.10558451928045	28.05175895918463	28.140998543985724	21.7016579775492
60-61	22.018494055482165	28.1050932041685	28.209599295464553	21.66681344488478
62-63	21.964995508481046	28.045279208083564	28.324751498640804	21.664973784794594
64-65	22.037102266056124	28.002817893624517	28.234707056475283	21.725372783844076
66-67	22.18686705609534	28.215575190066634	28.146299938356766	21.45125781548126
68-69	22.23944298655019	28.012117155990772	28.117202956492132	21.631236900966908
70-71	22.394753990571743	28.01472358062452	28.15444495975672	21.436077469047017
72-73	22.399661820999977	28.133439797092603	27.899767501937482	21.56713087996994
74-75	22.20799812085266	28.049210170884958	28.153150507957015	21.589641200305362
76-77	22.265737386310924	28.218376969191656	28.025788117032956	21.490097527464464
78-79	22.20415113172651	28.58702991515721	27.850747144996035	21.358071808120247
80-81	22.38784939734279	28.44964744699963	28.00814893529581	21.15435422036177
82-83	22.19847704709177	28.463484943667183	27.967967497813028	21.37007051142802
84-85	22.210741982259115	28.414768024139814	27.908137207131578	21.466352786469496
86-87	22.33657204919717	28.429271729239442	27.95138990812223	21.282766313441158
88-89	22.203174901371405	28.606401465339093	27.806218297952285	21.384205335337217
90-91	22.103296754940434	28.308503888901942	28.12757008247762	21.460629273680006
92-93	22.28569751056834	28.54509159229685	27.72193518083607	21.44727571629873
94-95	22.45491052557419	28.553144521159172	27.742943027570334	21.249001925696305
96-97	22.373187873948247	28.461461678928547	27.92068627393415	21.244664173189047
98-99	22.340025830691555	28.47951156510508	27.905365739110017	21.275096865093342
100-101	22.73970025341463	28.42006855718292	27.44521599040435	21.395015198998102
>>END_MODULE
>>Per sequence GC content	pass
#GC Content	Count
0	0.0
1	2.5
2	3.0
3	2.0
4	4.0
5	2.5
6	5.5
7	9.5
8	5.5
9	4.0
10	4.5
11	5.0
12	11.0
13	14.0
14	16.0
15	21.5
16	31.5
17	49.0
18	66.5
19	104.5
20	160.0
21	211.5
22	271.5
23	369.5
24	485.0
25	626.5
26	811.0
27	954.5
28	1080.0
29	1183.5
30	1365.5
31	1672.0
32	1894.5
33	2062.0
34	2207.5
35	2312.5
36	2385.0
37	2450.0
38	2540.5
39	2669.5
40	2939.5
41	3341.0
42	3631.5
43	3508.5
44	3501.0
45	3606.0
46	3527.0
47	3265.5
48	3169.5
49	3242.5
50	2961.0
51	2696.0
52	2301.0
53	1881.5
54	1632.0
55	1421.0
56	1301.5
57	1127.5
58	955.5
59	905.5
60	827.0
61	703.5
62	642.0
63	585.5
64	492.5
65	414.5
66	370.5
67	324.0
68	287.5
69	247.0
70	196.5
71	159.0
72	138.5
73	128.0
74	143.0
75	146.5
76	118.5
77	96.0
78	66.5
79	37.0
80	19.0
81	14.0
82	9.5
83	3.5
84	2.0
85	2.5
86	3.0
87	2.0
88	0.5
89	0.5
90	1.0
91	0.5
92	0.0
93	1.0
94	1.0
95	0.0
96	0.0
97	0.0
98	0.0
99	0.0
100	0.0
>>END_MODULE
>>Per base N content	pass
#Base	N-Count
1	0.05987883341943362
2	0.9498426713004274
3	0.13854318320574835
4	0.22894848072136384
5	0.14793594138918892
6	0.009392758183440568
7	0.01408913727516085
8	0.01174094772930071
9	0.015263232048090922
10-11	0.005870473864650355
12-13	0.008805710796975532
14-15	0.00645752125111539
16-17	0.013502089888695817
18-19	0.008218663410510496
20-21	0.01174094772930071
22-23	0.02230780068567135
24-25	0.01585027943455596
26-27	0.010566852956370639
28-29	0.08629596581036021
30-31	0.013502089888695817
32-33	0.08570891842389518
34-35	0.012327995115765746
36-37	0.014676184661625886
38-39	0.005283426478185319
40-41	0.009392758183440568
42-43	0.007631616024045461
44-45	0.05283426478185319
46-47	0.01702437420748603
48-49	0.07044568637580426
50-51	0.007631616024045461
52-53	0.03228760625557695
54-55	0.018785516366881135
56-57	0.03228760625557695
58-59	0.009392758183440568
60-61	0.011153900342835674
62-63	0.013502089888695817
64-65	0.002348189545860142
66-67	0.005283426478185319
68-69	0.004109331705255248
70-71	0.0029352369323251775
72-73	0.01174094772930071
74-75	0.03170055886911192
76-77	0.019372563753346173
78-79	0.01702437420748603
80-81	0.008805710796975532
82-83	0.009979805569905603
84-85	0.0017611421593951063
86-87	0.005283426478185319
88-89	0.004696379091720284
90-91	0.06809749682994412
92-93	0.01408913727516085
94-95	0.009392758183440568
96-97	0.019372563753346173
98-99	0.002348189545860142
100-101	0.15674165218616448
>>END_MODULE
>>Sequence Length Distribution	pass
#Length	Count
101	85172.0
>>END_MODULE
>>Sequence Duplication Levels	pass
#Total Deduplicated Percentage	80.0251256281407
#Duplication Level	Percentage of deduplicated	Percentage of total
1	90.88014788949368	72.72695251960738
2	5.6500242081016445	9.042877941107406
3	0.9463167006558195	2.271873385619687
4	0.5369797092093487	1.7188747475696236
5	0.3902639416658108	1.5615460479969943
6	0.3139717425431711	1.507537688442211
7	0.24941680482401443	1.3971727797867843
8	0.20540207456095308	1.3149861456816796
9	0.1760589210522455	1.2680223547644764
>10	0.6514180078933083	7.190156389423755
>50	0.0	0.0
>100	0.0	0.0
>500	0.0	0.0
>1k	0.0	0.0
>5k	0.0	0.0
>10k+	0.0	0.0
>>END_MODULE
>>Overrepresented sequences	pass
>>END_MODULE
>>Adapter Content	pass
#Position	Illumina Universal Adapter	Illumina Small RNA 3' Adapter	Illumina Small RNA 5' Adapter	Nextera Transposase Sequence	SOLID Small RNA Adapter
1	0.0	0.0	0.0	0.0	0.0
2	0.0	0.0	0.0	0.0	0.0
3	0.0	0.0	0.0	0.0	0.0
4	0.0	0.0	0.0	0.0	0.0
5	0.0	0.0	0.0	0.0	0.0
6	0.0	0.0	0.0	0.0	0.0
7	0.0	0.0	0.0	0.0	0.0
8	0.0	0.0	0.0	0.0	0.0
9	0.0	0.0	0.0	0.0	0.0
10-11	0.0	0.0	0.0	0.0	0.0
12-13	0.0	0.0	0.0	0.0	0.0
14-15	0.0	0.0	0.0	0.0	0.0
16-17	0.0	0.0	0.0	0.0	0.0
18-19	0.0	0.0	0.0	0.0	0.0
20-21	0.0	0.0	0.0	0.0	0.0
22-23	0.0	0.0	0.0	0.0	0.0
24-25	0.0	0.0	0.0	0.0	0.0
26-27	0.0	0.0	0.0	0.0	0.0
28-29	0.0	0.0	0.0	0.0	0.0
30-31	0.0	0.0	0.0	0.0	0.0
32-33	0.0	0.0	0.0	0.0	0.0
34-35	0.0	0.0	0.0	0.0	0.0
36-37	0.0	0.0	0.0	0.0	0.0
38-39	0.0	0.0	0.0	0.0	0.0
40-41	0.0	0.0	0.0	0.0	0.0
42-43	0.0	0.0	0.0	0.0	0.0
44-45	0.0	0.0	0.0	0.0	0.0
46-47	0.0	0.0	0.0	0.0	0.0
48-49	0.0	0.0	0.0	0.0	0.0
50-51	0.0	0.0	0.0	0.0	0.0
52-53	0.0	0.0	0.0	0.0	0.0
54-55	5.870473864650355E-4	0.0	0.0	0.0	0.0
56-57	0.0017611421593951063	0.0	0.0	0.0	0.0
58-59	0.002935236932325177	0.0	0.0	0.0	0.0
60-61	0.007631616024045461	0.0	0.0	0.0	0.0
62-63	0.01408913727516085	0.0	0.0	0.0	0.0
64-65	0.021133705912741278	0.0	0.0	0.0	0.0
66-67	0.03698398534729723	0.0	0.0	0.0	0.0
68-69	0.05811769126003851	0.0	0.0	0.0	0.0
70-71	0.07983844455924483	0.0	0.0	0.0	0.0
72-73	0.11447424036068192	0.0	0.0	0.0	0.0
74-75	0.14911003616211901	0.0	0.0	0.0	0.0
76-77	0.18961630582820646	0.0	0.0	0.0	0.0
78-79	0.2371671441318743	0.0	0.0	0.0	0.0
80-81	0.2958718827783779	0.0	0.0	0.0	0.0
82-83	0.3534025266519514	0.0	0.0	0.0	0.0
84-85	0.42619640257361574	0.0	0.0	0.0	0.0
86-87	0.5107312262245809	0.0	0.0	0.0	0.0
88-89	0.6169868031747523	0.0	0.0	0.0	0.0
>>END_MODULE
>>Kmer Content	warn
#Sequence	Count	PValue	Obs/Exp Max	Max Obs/Exp Position
GCTAAGA	25	0.0016020599	38.047585	90-91
CTCTGGC	35	0.008344789	27.160852	94-95
>>END_MODULE
