##FastQC	0.11.5
>>Basic Statistics	pass
#Measure	Value
Filename	SRR8652105_pass_2.fastq.gz
File type	Conventional base calls
Encoding	Sanger / Illumina 1.9
Total Sequences	86150
Sequences flagged as poor quality	0
Sequence length	101
%GC	43
>>END_MODULE
>>Per base sequence quality	pass
#Base	Mean	Median	Lower Quartile	Upper Quartile	10th Percentile	90th Percentile
1	30.975031921067906	33.0	31.0	34.0	27.0	34.0
2	31.124910040626812	34.0	31.0	34.0	27.0	34.0
3	31.149704004643063	34.0	31.0	34.0	27.0	34.0
4	34.48149738827626	37.0	35.0	37.0	31.0	37.0
5	34.45120139291933	37.0	35.0	37.0	31.0	37.0
6	34.48087057457922	37.0	35.0	37.0	31.0	37.0
7	34.491863029599536	37.0	35.0	37.0	31.0	37.0
8	34.51320951828207	37.0	35.0	37.0	31.0	37.0
9	36.06687173534533	39.0	37.0	39.0	31.0	39.0
10-11	36.04561230412072	39.0	37.0	39.0	31.0	39.0
12-13	35.98524085896692	39.0	37.0	39.0	31.0	39.0
14-15	37.26644225188625	40.0	38.0	41.0	31.0	41.0
16-17	37.19928032501451	40.0	38.0	41.0	31.0	41.0
18-19	37.15853743470691	40.0	38.0	41.0	31.0	41.0
20-21	37.052367962855485	40.0	37.5	41.0	30.5	41.0
22-23	36.85401625072548	40.0	37.0	41.0	30.0	41.0
24-25	36.73674985490424	40.0	37.0	41.0	30.0	41.0
26-27	36.657945443993036	40.0	37.0	41.0	30.0	41.0
28-29	36.53502611723738	40.0	37.0	41.0	29.5	41.0
30-31	36.45617527568195	40.0	37.0	41.0	29.5	41.0
32-33	36.337840975043534	40.0	37.0	41.0	29.0	41.0
34-35	36.20917005223447	40.0	36.5	41.0	28.5	41.0
36-37	36.06654091700523	40.0	36.0	41.0	28.0	41.0
38-39	36.0333197910621	40.0	36.0	41.0	27.5	41.0
40-41	36.10255368543238	40.0	36.0	41.0	28.0	41.0
42-43	36.122118398142774	40.0	36.0	41.0	28.0	41.0
44-45	36.01760882182241	40.0	36.0	41.0	28.0	41.0
46-47	35.88856065002902	40.0	36.0	41.0	27.5	41.0
48-49	35.732774230992455	40.0	35.0	41.0	27.0	41.0
50-51	35.05027278003482	38.5	34.0	40.5	26.0	41.0
52-53	35.044840394660476	39.0	34.5	40.0	26.0	41.0
54-55	35.254352872896106	39.0	35.0	41.0	26.0	41.0
56-57	35.21954149738828	39.0	35.0	41.0	26.0	41.0
58-59	35.027591410330814	39.0	35.0	41.0	26.0	41.0
60-61	34.77284968078932	38.5	34.0	41.0	25.5	41.0
62-63	34.58684271619269	38.0	34.0	40.5	25.0	41.0
64-65	34.403151479976785	38.0	34.0	40.0	25.0	41.0
66-67	34.118020893789904	37.0	34.0	40.0	24.0	41.0
68-69	33.76785838653511	37.0	34.0	40.0	23.0	41.0
70-71	33.40943122460824	36.0	33.5	39.5	22.0	41.0
72-73	33.06246662797446	36.0	33.0	39.0	22.0	41.0
74-75	32.69665699361579	35.5	33.0	39.0	20.5	40.5
76-77	32.294236796285546	35.0	32.5	37.5	19.5	40.0
78-79	31.91184561810795	35.0	32.0	37.0	18.0	39.0
80-81	31.548897272199653	35.0	32.0	37.0	17.0	39.0
82-83	31.18708647707487	35.0	32.0	36.0	12.0	39.0
84-85	30.849820081253625	35.0	31.5	36.0	7.5	37.0
86-87	30.522135809634356	35.0	31.0	35.5	4.5	37.0
88-89	30.218195008705745	35.0	31.0	35.0	2.0	37.0
90-91	29.928415554265815	35.0	31.0	35.0	2.0	36.0
92-93	29.66837492745212	34.5	31.0	35.0	2.0	36.0
94-95	29.39482878699942	34.0	31.0	35.0	2.0	36.0
96-97	29.08611143354614	34.0	30.0	35.0	2.0	36.0
98-99	28.716755658734765	34.0	30.0	35.0	2.0	35.0
100-101	27.267411491584447	33.0	27.0	35.0	2.0	35.0
>>END_MODULE
>>Per sequence quality scores	pass
#Quality	Count
2	2246.0
3	202.0
4	188.0
5	186.0
6	172.0
7	185.0
8	192.0
9	224.0
10	202.0
11	228.0
12	247.0
13	258.0
14	305.0
15	275.0
16	295.0
17	294.0
18	324.0
19	340.0
20	351.0
21	331.0
22	413.0
23	466.0
24	583.0
25	618.0
26	695.0
27	815.0
28	1077.0
29	1249.0
30	1620.0
31	1939.0
32	2386.0
33	3066.0
34	4056.0
35	5671.0
36	8909.0
37	16282.0
38	20809.0
39	8398.0
40	53.0
>>END_MODULE
>>Per base sequence content	pass
#Base	G	A	T	C
1	19.58551769331586	31.076811458528365	27.505382887099795	21.832287961055982
2	21.920450825422062	31.942430903053825	27.160594865079734	18.97652340644437
3	22.14009192874937	29.16807990549818	28.08505163682296	20.606776528929487
4	22.034949003462152	28.24810517451109	28.20599794142416	21.5109478806026
5	21.679842821724282	28.65930673153389	28.7446788604575	20.916171586284324
6	21.57819761332057	28.37859928539735	28.07384227365078	21.969360827631302
7	22.032631419128037	28.437452553636287	28.40942270184413	21.120493325391543
8	21.107504786811752	28.648484565450893	28.982393872880962	21.261616774856396
9	21.31467355116059	28.348305550039132	29.198743034706727	21.13827786409355
10-11	21.35338785046729	28.56542056074766	28.749999999999996	21.331191588785046
12-13	21.342816434260623	28.599374021909235	28.672949804965782	21.384859738864364
14-15	21.46929619590616	28.660388821385176	28.597298812973175	21.273016169735488
16-17	21.62471529521696	28.308123576476085	28.705250248204166	21.361910880102787
18-19	21.47780776465365	28.337013540826938	28.721974927856248	21.46320376666316
20-21	21.64824884523183	28.185698415482662	28.39969595977314	21.766356779512368
22-23	21.6808919736441	28.203625108448428	28.304452833728043	21.811030084179425
24-25	21.703952733822657	28.264657736785594	28.26759133766333	21.76379819172842
26-27	21.650398769042837	28.21863584575449	28.228619754043482	21.90234563115919
28-29	21.698556444319156	28.262682499970637	28.196318874284977	21.84244218142523
30-31	21.597834638734604	28.322314728918847	28.226024260500942	21.853826371845607
32-33	21.851780060735283	28.24660640128754	28.273625966977388	21.62798757099978
34-35	21.89615456938699	28.156144227153064	28.14615456938699	21.80154663407296
36-37	21.821441166098506	28.443634653814502	28.077465616551077	21.65745856353591
38-39	21.940285387793374	28.133259105159837	28.103958510357764	21.822496996689033
40-41	21.868876813925333	28.260093935157837	27.900379600980298	21.97064964993654
42-43	21.931797601173123	28.15495977612507	28.00948781015032	21.903754812551483
44-45	21.720945176271286	28.15959342232088	28.117533662412008	22.001927738995825
46-47	21.86048956562878	28.108262807146655	27.999042128810313	22.032205498414257
48-49	21.938283791755985	27.95628581274861	27.919487392160185	22.185943003335222
50-51	21.81002663178059	28.123977947016776	28.06090267719479	22.005092744007847
52-53	21.906196364145856	28.04242997419641	27.981131855172976	22.07024180648476
54-55	21.99223425685341	27.95842699909497	28.106151286018743	21.943187458032874
56-57	21.788538126437988	28.312486131062915	28.119196944746154	21.77977879775294
58-59	21.866170048805547	28.181701422132967	28.005394297456977	21.946734231604513
60-61	21.79460974683914	28.441615323969984	27.960405290974393	21.803369638216484
62-63	22.117254144065768	27.92858018672381	28.084475299090904	21.869690370119518
64-65	22.122602411889	27.96086809325348	28.03675037065574	21.879779124201775
66-67	21.82310606281702	27.965888993305043	28.1836064042773	22.027398539600636
68-69	21.752786161722895	28.150011967797866	28.08696210586539	22.01023976461385
70-71	22.03681755285298	28.14154848578618	28.09484052149442	21.726793439866416
72-73	21.965317919075144	28.19583114380802	28.164885852747123	21.67396508436971
74-75	22.03405666767887	28.283034734063676	28.02667538716685	21.65623321109061
76-77	21.976185746503234	28.213113030065788	28.14533939401021	21.665361829420767
78-79	22.113350861817118	28.38504236050248	27.887817703768626	21.613789073911775
80-81	22.109278699825328	28.334414086004543	27.930738358541156	21.62556885562897
82-83	22.17039582894952	28.407682775712516	27.81908302354399	21.602838371793972
84-85	22.0239695995323	28.416837182110495	28.053200818474128	21.505992399883077
86-87	21.976780928528797	28.428148442894425	28.106311514740128	21.488759113836647
88-89	22.04499025386772	28.677043029320348	28.000374626105582	21.277592090706346
90-91	22.088579070897204	28.696013532100693	27.64832926550895	21.567078131493155
92-93	22.262573099415206	28.46608187134503	27.917543859649125	21.353801169590643
94-95	22.34665264633719	28.735249445028625	27.628227596681853	21.28987031195233
96-97	22.429464337870204	28.75752088322916	27.522051521701034	21.290963257199603
98-99	22.424366312346688	28.614063777596076	27.73215745824086	21.229412451816376
100-101	22.857561547479484	28.35756154747948	27.39038686987104	21.394490035169987
>>END_MODULE
>>Per sequence GC content	warn
#GC Content	Count
0	434.0
1	224.5
2	15.0
3	13.0
4	9.5
5	8.0
6	9.5
7	8.0
8	7.0
9	7.0
10	9.5
11	10.5
12	7.5
13	17.5
14	20.5
15	19.0
16	31.0
17	42.0
18	59.0
19	97.0
20	144.5
21	201.5
22	286.0
23	377.5
24	481.0
25	647.0
26	844.5
27	989.5
28	1093.5
29	1222.0
30	1430.0
31	1716.5
32	1953.5
33	2136.5
34	2238.0
35	2328.0
36	2475.5
37	2504.5
38	2580.0
39	2795.0
40	3016.0
41	3304.5
42	3581.0
43	3514.0
44	3296.0
45	3395.0
46	3504.5
47	3269.5
48	3308.5
49	3259.5
50	2841.5
51	2547.5
52	2100.5
53	1789.0
54	1659.0
55	1460.5
56	1250.5
57	1137.5
58	1113.0
59	1046.5
60	930.5
61	796.0
62	755.0
63	689.5
64	552.5
65	460.0
66	382.5
67	322.5
68	288.0
69	258.0
70	208.5
71	151.0
72	121.0
73	110.5
74	113.5
75	109.5
76	88.5
77	61.5
78	37.0
79	19.5
80	9.0
81	4.5
82	2.5
83	1.0
84	2.0
85	1.5
86	0.0
87	1.0
88	1.0
89	0.0
90	0.5
91	0.5
92	0.0
93	0.0
94	0.0
95	0.0
96	0.5
97	0.5
98	0.0
99	0.0
100	0.0
>>END_MODULE
>>Per base N content	pass
#Base	N-Count
1	0.8055716773070227
2	0.7173534532791643
3	0.7533372025536855
4	0.759141033081834
5	0.7452118398142774
6	0.5896691816598955
7	0.6117237376668601
8	0.5780615206035984
9	0.6349390597794544
10-11	0.6384213580963436
12-13	0.608241439349971
14-15	0.6477074869413812
16-17	0.6210098665118979
18-19	0.6465467208357516
20-21	0.7370864770748694
22-23	0.9936157864190366
24-25	1.0800928612884504
26-27	1.175856065002902
28-29	1.175856065002902
30-31	1.150319210679048
32-33	1.1915264074289031
34-35	1.232733604178758
36-37	1.2536273940800928
38-39	0.9605339524085897
40-41	0.7724898432965757
42-43	0.657573998839234
44-45	0.6471271038885664
46-47	0.6308763784097504
48-49	0.636680208937899
50-51	0.624492164828787
52-53	0.583865351131747
54-55	0.6006964596633778
56-57	0.6117237376668601
58-59	0.5850261172373767
60-61	0.6181079512478236
62-63	0.5983749274521184
64-65	0.5699361578641904
66-67	0.567034242600116
68-69	0.5844457341845618
70-71	0.5937318630295996
72-73	0.5977945443993036
74-75	0.6128845037724898
76-77	0.6627974463145676
78-79	0.6674405107370864
80-81	0.6517701683110854
82-83	0.705745792222867
84-85	0.7254788160185722
86-87	0.8160185722576901
88-89	0.8491004062681371
90-91	0.8398142774230992
92-93	0.7544979686593152
94-95	0.6500290191526408
96-97	0.6442251886244922
98-99	0.6268136970400464
100-101	0.9866511897852582
>>END_MODULE
>>Sequence Length Distribution	pass
#Length	Count
101	86150.0
>>END_MODULE
>>Sequence Duplication Levels	pass
#Total Deduplicated Percentage	78.32153221125942
#Duplication Level	Percentage of deduplicated	Percentage of total
1	89.41370009188725	70.03017991874637
2	6.778907431010463	10.618688334300638
3	1.1500726205649583	2.7022634939059778
4	0.6224619853573229	1.950087057457922
5	0.3971900287518155	1.5554265815438189
6	0.33494383021608326	1.5739988392338942
7	0.26380531760381776	1.4463145676146256
8	0.185256543261108	1.1607661056297156
9	0.16302575806977504	1.1491584445734184
>10	0.6891543409313217	7.326755658734766
>50	0.0	0.0
>100	0.001482052346088864	0.4863609982588508
>500	0.0	0.0
>1k	0.0	0.0
>5k	0.0	0.0
>10k+	0.0	0.0
>>END_MODULE
>>Overrepresented sequences	warn
#Sequence	Count	Percentage	Possible Source
NNNNNNNNNNNNNNNNNNNNNNNNNNNNNNNNNNNNNNNNNNNNNNNNNN	419	0.4863609982588508	No Hit
>>END_MODULE
>>Adapter Content	pass
#Position	Illumina Universal Adapter	Illumina Small RNA 3' Adapter	Illumina Small RNA 5' Adapter	Nextera Transposase Sequence	SOLID Small RNA Adapter
1	0.0	0.0	0.0	0.0	0.0
2	0.0	0.0	0.0	0.0	0.0
3	0.0	0.0	0.0	0.0	0.0
4	0.0	0.0	0.0	0.0	0.0
5	0.0	0.0	0.0	0.0	0.0
6	0.0	0.0	0.0	0.0	0.0
7	0.0	0.0	0.0	0.0	0.0
8	0.0	0.0	0.0	0.0	0.0
9	0.0	0.0	0.0	0.0	0.0
10-11	0.0	0.0	0.0	0.0	0.0
12-13	0.0	0.0	0.0	0.0	0.0
14-15	0.0	0.0	0.0	0.0	0.0
16-17	0.0	0.0	0.0	0.0	0.0
18-19	0.0	0.0	0.0	0.0	0.0
20-21	0.0	0.0	0.0	0.0	0.0
22-23	0.0	0.0	0.0	0.0	0.0
24-25	0.0	0.0	0.0	0.0	0.0
26-27	0.0	0.0	0.0	0.0	0.0
28-29	0.0	0.0	0.0	0.0	0.0
30-31	0.0	0.0	0.0	0.0	0.0
32-33	0.0	0.0	0.0	0.0	0.0
34-35	0.0	0.0	0.0	0.0	0.0
36-37	0.0	0.0	0.0	0.0	0.0
38-39	0.0	0.0	0.0	0.0	0.0
40-41	0.0	0.0	0.0	0.0	0.0
42-43	0.0	0.0	0.0	0.0	0.0
44-45	0.0	0.0	0.0	0.0	0.0
46-47	0.0	0.0	0.0	0.0	0.0
48-49	0.0	0.0	0.0	0.0	0.0
50-51	0.0	0.0	0.0	0.0	0.0
52-53	0.0	0.0	0.0	0.0	0.0
54-55	5.803830528148578E-4	0.0	0.0	0.0	0.0
56-57	0.0011607661056297156	0.0	0.0	0.0	0.0
58-59	0.0011607661056297156	0.0	0.0	0.0	0.0
60-61	0.005803830528148578	0.0	0.0	0.0	0.0
62-63	0.012768427161926872	0.0	0.0	0.0	0.0
64-65	0.023215322112594312	0.0	0.0	0.0	0.0
66-67	0.03424260011607661	0.0	0.0	0.0	0.0
68-69	0.04585026117237377	0.0	0.0	0.0	0.0
70-71	0.0783517121300058	0.0	0.0	0.0	0.0
72-73	0.11027278003482299	0.0	0.0	0.0	0.0
74-75	0.1485780615206036	0.0	0.0	0.0	0.0
76-77	0.1950087057457922	0.0	0.0	0.0	0.0
78-79	0.26175275681950083	0.0	0.0	0.0	0.0
80-81	0.3244341265235055	0.0	0.0	0.0	0.0
82-83	0.391758560650029	0.0	0.0	0.0	0.0
84-85	0.48113755078351716	0.0	0.0	0.0	0.0
86-87	0.5908299477655252	0.0	0.0	0.0	0.0
88-89	0.7045850261172373	0.0	0.0	0.0	0.0
>>END_MODULE
>>Kmer Content	pass
>>END_MODULE
