##FastQC	0.11.5
>>Basic Statistics	pass
#Measure	Value
Filename	SRR8652105_pass_1.trimmed.fastq.gz
File type	Conventional base calls
Encoding	Sanger / Illumina 1.9
Total Sequences	82536
Sequences flagged as poor quality	0
Sequence length	2-101
%GC	43
>>END_MODULE
>>Per base sequence quality	pass
#Base	Mean	Median	Lower Quartile	Upper Quartile	10th Percentile	90th Percentile
1	32.46775952311719	34.0	31.0	34.0	31.0	34.0
2	32.622407192013185	34.0	31.0	34.0	31.0	34.0
3	32.668657837661	34.0	31.0	34.0	31.0	34.0
4	36.13846843680696	37.0	35.0	37.0	35.0	37.0
5	36.01997648399336	37.0	35.0	37.0	35.0	37.0
6	36.00977265838133	37.0	35.0	37.0	35.0	37.0
7	36.006064060737636	37.0	35.0	37.0	35.0	37.0
8	35.989942005775156	37.0	35.0	37.0	35.0	37.0
9	37.70229887847745	39.0	37.0	39.0	35.0	39.0
10-11	37.67819063830801	39.0	37.0	39.0	35.0	39.0
12-13	37.63525857868081	39.0	37.0	39.0	35.0	39.0
14-15	39.02827155107584	40.0	38.0	41.0	36.0	41.0
16-17	38.9522104157628	40.0	38.0	41.0	35.0	41.0
18-19	38.927499044948426	40.0	38.0	41.0	35.0	41.0
20-21	38.95544885539231	40.0	38.0	41.0	35.0	41.0
22-23	38.89853347947273	40.0	38.0	41.0	35.0	41.0
24-25	38.9562845637191	40.0	38.0	41.0	35.0	41.0
26-27	38.932237642379974	40.0	38.0	41.0	35.0	41.0
28-29	38.88802194715485	40.0	38.0	41.0	35.0	41.0
30-31	38.83359388625026	40.0	38.0	41.0	35.0	41.0
32-33	38.79900248968164	40.0	38.0	41.0	35.0	41.0
34-35	38.72923631417273	40.0	38.0	41.0	34.5	41.0
36-37	38.64790295019442	40.0	38.0	41.0	34.0	41.0
38-39	38.60305066902574	40.0	38.0	41.0	34.0	41.0
40-41	38.591338154260875	40.0	38.0	41.0	34.0	41.0
42-43	38.58394624881461	40.0	38.0	41.0	34.0	41.0
44-45	38.55763327947393	40.0	38.0	41.0	34.0	41.0
46-47	38.498196751413616	40.0	38.0	41.0	34.0	41.0
48-49	38.42525064524453	40.0	38.0	41.0	34.0	41.0
50-51	38.32319679982561	40.0	37.5	41.0	34.0	41.0
52-53	38.1953670299811	40.0	37.0	41.0	33.0	41.0
54-55	38.05455286298637	40.0	37.0	41.0	33.0	41.0
56-57	37.87045338661883	39.5	36.5	41.0	33.0	41.0
58-59	37.71298214089001	39.0	36.0	41.0	33.0	41.0
60-61	37.485514192080785	39.0	36.0	40.5	32.5	41.0
62-63	37.23528929019028	39.0	35.0	40.0	32.0	41.0
64-65	36.98276287491754	38.0	35.0	40.0	32.0	41.0
66-67	36.72817148600447	38.0	35.0	40.0	31.5	41.0
68-69	36.449818648266714	37.0	35.0	40.0	31.0	41.0
70-71	36.120428060656494	37.0	34.5	39.0	31.0	41.0
72-73	35.79051630266036	36.0	34.0	39.0	31.0	40.0
74-75	35.426190477835334	36.0	34.0	38.5	31.0	40.0
76-77	34.361968330515936	35.0	32.5	37.0	29.5	39.0
78-79	34.85089813056758	35.0	34.0	37.0	30.0	39.0
80-81	34.695989304015626	35.0	34.0	37.0	30.5	39.0
82-83	34.47303047702683	35.0	34.0	36.0	30.5	38.5
84-85	34.19283967411884	35.0	34.0	36.0	30.0	37.5
86-87	33.947770549019175	35.0	33.0	35.5	30.0	37.0
88-89	33.74205901968346	35.0	33.0	35.0	30.0	37.0
90-91	33.530329940664075	35.0	33.0	35.0	30.0	36.0
92-93	33.34626804494762	34.0	33.0	35.0	29.0	36.0
94-95	33.22469259798634	34.0	33.0	35.0	29.0	36.0
96-97	33.11951679017571	34.0	32.0	35.0	29.0	35.0
98-99	33.06477511937314	34.0	32.0	35.0	29.0	35.0
100-101	31.65485799929796	32.5	29.5	34.5	27.0	35.0
>>END_MODULE
>>Per sequence quality scores	pass
#Quality	Count
20	1.0
21	2.0
22	3.0
23	7.0
24	19.0
25	21.0
26	56.0
27	144.0
28	352.0
29	782.0
30	1504.0
31	2289.0
32	3177.0
33	4128.0
34	5336.0
35	7319.0
36	11615.0
37	19644.0
38	21283.0
39	4838.0
40	16.0
>>END_MODULE
>>Per base sequence content	pass
#Base	G	A	T	C
1	20.198470877609626	31.063479177521174	26.92564006252196	21.81240988234724
2	21.559860904123198	30.68833072831473	28.945997358632304	18.805811008929762
3	21.279534714649216	28.84163334545014	29.33357566945353	20.54525627044711
4	21.845195535465418	28.1178423839936	29.361222535962288	20.675739544578693
5	21.698810808189787	28.367255403488784	29.03397864061193	20.899955147709505
6	21.199665345022005	28.503873995125677	28.708789543244457	21.587671116607858
7	21.589269038118687	28.662389482493055	28.851588177507185	20.89675330188107
8	20.717769527553322	28.92552959161389	29.316201984906943	21.040498895925843
9	20.89139195028402	28.56726707772977	29.57105403699568	20.970286934990533
10-11	21.10856074130749	28.67344336357343	28.898726029560002	21.319269865559075
12-13	20.889156231202495	28.735045539332738	29.258185839363726	21.117612390101044
14-15	21.037174856809308	28.861892427614215	28.871012853720522	21.229919861855944
16-17	21.480250947747617	28.39774366089195	28.840127299390883	21.28187809196955
18-19	21.19596998196969	28.602407290093073	28.801593489596023	21.40002923834121
20-21	21.206634845741664	28.441932907835145	28.844876038599637	21.506556207823557
22-23	21.586276759342883	28.251397466253326	28.365513706153735	21.796812068250055
24-25	21.379723395283172	28.265506303971836	28.615693009099964	21.739077291645025
26-27	21.355490108436758	28.45255662162245	28.515622608237766	21.676330661703027
28-29	21.40209399663684	28.29718550158952	28.506462422211587	21.794258079562052
30-31	21.456428931730663	28.348568546154695	28.46483187952904	21.7301706425856
32-33	21.61755547745448	28.1595481647275	28.470924819494027	21.751971538323993
34-35	21.628437389901535	28.411429842941644	28.347765889719202	21.61236687743762
36-37	21.43986017886693	28.3348517809221	28.42100044003991	21.804287600171058
38-39	21.562692290958363	28.340035676770942	28.251154522683343	21.846117509587355
40-41	21.53254412048899	28.419766477779234	28.154201966174814	21.89348743555697
42-43	21.645135282095513	28.321427008918803	28.105175657347857	21.928262051637823
44-45	21.52271601998032	28.22314282670143	28.270774707471315	21.98336644584694
46-47	21.522177736155022	28.366886443202745	28.205353831842668	21.905581988799565
48-49	21.656026871522112	28.09473093817155	28.2636232441187	21.985618946187635
50-51	21.582692891091114	28.3035443421984	28.271943573667713	21.841819193042774
52-53	21.70635046447481	28.200754573412386	28.314257632922228	21.778637329190577
54-55	21.61352300488599	28.15617365635179	28.3527585504886	21.877544788273614
56-57	21.734715383288947	28.13659558433762	28.32819215859087	21.800496873782564
58-59	21.52162484452936	28.16551052071446	28.418110246316786	21.894754388439395
60-61	21.618229216954717	28.293907502172445	28.31772392262882	21.770139358244023
62-63	21.80362639352319	28.41817335299139	28.08773699593906	21.690463257546362
64-65	21.71636458130319	28.310920548301176	28.347300721107	21.625414149288638
66-67	21.626050228161457	28.28745079350572	28.574692683818487	21.511806294514333
68-69	21.5418623566762	28.294807545981687	28.367617348411304	21.79571274893081
70-71	21.50344809398858	28.36337504450217	28.440512137554556	21.692664723954692
72-73	21.521193207042096	28.413540859124975	28.38173614009979	21.683529793733143
74-75	21.54306546964456	28.4366064823146	28.28997793906918	21.730350108971667
76-77	21.428475640011264	28.595663077150025	28.367015784038944	21.60884549879977
78-79	21.646446322235185	28.421329484836427	28.51304599987861	21.419178193049778
80-81	21.738806121964615	28.894208274281375	28.15167933599604	21.21530626775797
82-83	21.59071537186927	28.85558230083668	28.343482144683634	21.210220182610414
84-85	21.52307660651454	28.839413705357448	28.444343847952975	21.193165840175038
86-87	21.44976948347735	28.772465008420067	28.22654114788946	21.551224360213126
88-89	21.58229387443105	28.887807928841948	28.329800910322785	21.200097286404223
90-91	21.5455067430364	28.901928382371477	28.281541025389668	21.271023849202457
92-93	21.453841862567174	28.78660556030252	28.4462365211742	21.313316055956104
94-95	21.572888021315702	29.080404086459684	28.27750309904108	21.069204793183534
96-97	21.626843934303306	28.854778006892673	28.277985262945393	21.24039279585863
98-99	21.47514650980277	29.182405621282243	28.211296840962603	21.131151027952384
100-101	22.003913832805463	28.864909895395353	27.50607115630968	21.625105115489504
>>END_MODULE
>>Per sequence GC content	pass
#GC Content	Count
0	20.0
1	19.0
2	22.0
3	25.0
4	23.0
5	23.5
6	31.5
7	39.5
8	45.5
9	51.0
10	55.0
11	58.5
12	67.5
13	88.5
14	106.5
15	111.0
16	122.5
17	151.5
18	167.5
19	193.5
20	257.0
21	343.5
22	437.0
23	526.5
24	651.5
25	837.0
26	1022.5
27	1170.5
28	1332.0
29	1497.5
30	1702.5
31	1977.5
32	2182.5
33	2332.0
34	2439.0
35	2516.5
36	2588.0
37	2614.5
38	2708.0
39	2951.5
40	3228.5
41	3510.0
42	3694.5
43	3609.0
44	3521.5
45	3648.5
46	3680.5
47	3404.0
48	3257.5
49	3143.0
50	2868.5
51	2626.0
52	2218.5
53	1950.0
54	1873.0
55	1686.5
56	1512.5
57	1417.0
58	1345.0
59	1260.0
60	1174.0
61	1075.0
62	960.5
63	859.5
64	737.0
65	631.0
66	565.0
67	470.5
68	411.5
69	388.0
70	320.5
71	242.5
72	209.5
73	214.5
74	216.5
75	176.5
76	147.0
77	124.5
78	90.0
79	62.5
80	47.0
81	39.5
82	33.5
83	28.0
84	21.5
85	18.5
86	15.5
87	15.0
88	13.0
89	11.0
90	9.0
91	7.0
92	6.0
93	4.5
94	3.5
95	3.0
96	3.0
97	3.0
98	3.0
99	3.0
100	3.0
>>END_MODULE
>>Per base N content	pass
#Base	N-Count
1	0.006057962586023069
2	0.003634777551613841
3	0.0012116659194726831
4	0.0
5	0.004848661163436246
6	0.002424977265838133
7	0.0
8	0.0
9	0.0
10-11	0.0
12-13	0.0
14-15	0.0
16-17	0.0
18-19	0.0
20-21	6.095925483406891E-4
22-23	6.102435482000867E-4
24-25	0.0
26-27	0.0
28-29	6.13711543300418E-4
30-31	0.0
32-33	0.0
34-35	0.0
36-37	0.0
38-39	6.215426689042203E-4
40-41	0.0
42-43	0.0
44-45	6.26731345341506E-4
46-47	0.0
48-49	0.0
50-51	0.0
52-53	0.0
54-55	0.0
56-57	0.0
58-59	0.0
60-61	0.0
62-63	6.466423098063307E-4
64-65	0.0
66-67	0.0
68-69	0.0
70-71	0.0
72-73	0.0
74-75	0.0
76-77	0.0
78-79	0.0
80-81	0.0
82-83	0.0
84-85	0.0
86-87	0.0
88-89	0.0
90-91	0.0
92-93	0.0
94-95	0.0
96-97	0.0
98-99	0.0
100-101	0.0
>>END_MODULE
>>Sequence Length Distribution	warn
#Length	Count
2-3	19.0
4-5	42.0
6-7	53.0
8-9	67.0
10-11	52.0
12-13	57.0
14-15	60.0
16-17	84.0
18-19	62.0
20-21	80.0
22-23	110.0
24-25	147.0
26-27	176.0
28-29	196.0
30-31	188.0
32-33	202.0
34-35	207.0
36-37	226.0
38-39	249.0
40-41	215.0
42-43	209.0
44-45	231.0
46-47	209.0
48-49	215.0
50-51	270.0
52-53	249.0
54-55	293.0
56-57	297.0
58-59	310.0
60-61	344.0
62-63	368.0
64-65	365.0
66-67	368.0
68-69	387.0
70-71	360.0
72-73	428.0
74-75	472.0
76-77	424.0
78-79	426.0
80-81	385.0
82-83	424.0
84-85	451.0
86-87	481.0
88-89	514.0
90-91	605.0
92-93	608.0
94-95	776.0
96-97	1041.0
98-99	1718.0
100-101	66816.0
>>END_MODULE
>>Sequence Duplication Levels	pass
#Total Deduplicated Percentage	79.44896772317534
#Duplication Level	Percentage of deduplicated	Percentage of total
1	89.90911031811389	71.43186003683242
2	6.508677219629731	10.342153726858584
3	1.0385213651752219	2.475283512649026
4	0.5322231372190197	1.6913831540176407
5	0.39192362826730104	1.5568963846079287
6	0.32787385244151646	1.5629543471939518
7	0.23789916735291428	1.3230590287874382
8	0.21959923140269008	1.395754579819715
9	0.17232439686461096	1.2321895899970923
>10	0.6618476835331076	6.988465639236212
>50	0.0	0.0
>100	0.0	0.0
>500	0.0	0.0
>1k	0.0	0.0
>5k	0.0	0.0
>10k+	0.0	0.0
>>END_MODULE
>>Overrepresented sequences	pass
>>END_MODULE
>>Adapter Content	pass
#Position	Illumina Universal Adapter	Illumina Small RNA 3' Adapter	Illumina Small RNA 5' Adapter	Nextera Transposase Sequence	SOLID Small RNA Adapter
1	0.0	0.0	0.0	0.0	0.0
2	0.0	0.0	0.0	0.0	0.0
3	0.0	0.0	0.0	0.0	0.0
4	0.0	0.0	0.0	0.0	0.0
5	0.0	0.0	0.0	0.0	0.0
6	0.0	0.0	0.0	0.0	0.0
7	0.0	0.0	0.0	0.0	0.0
8	0.0	0.0	0.0	0.0	0.0
9	0.0	0.0	0.0	0.0	0.0
10-11	0.0	0.0	0.0	0.0	0.0
12-13	0.0	0.0	0.0	0.0	0.0
14-15	0.0	0.0	0.0	0.0	0.0
16-17	0.0	0.0	0.0	0.0	0.0
18-19	0.0	0.0	0.0	0.0	0.0
20-21	0.0	0.0	0.0	0.0	0.0
22-23	0.0	0.0	0.0	0.0	0.0
24-25	0.0	0.0	0.0	0.0	0.0
26-27	0.0	0.0	0.0	0.0	0.0
28-29	0.0	0.0	0.0	0.0	0.0
30-31	0.0	0.0	0.0	0.0	0.0
32-33	0.0	0.0	0.0	0.0	0.0
34-35	0.0	0.0	0.0	0.0	0.0
36-37	0.0	0.0	0.0	0.0	0.0
38-39	0.0	0.0	0.0	0.0	0.0
40-41	0.0	0.0	0.0	0.0	0.0
42-43	0.0	0.0	0.0	0.0	0.0
44-45	0.0	0.0	0.0	0.0	0.0
46-47	0.0	0.0	0.0	0.0	0.0
48-49	0.0	0.0	0.0	0.0	0.0
50-51	0.0	0.0	0.0	0.0	0.0
52-53	0.0	0.0	0.0	0.0	0.0
54-55	0.0	0.0	0.0	0.0	0.0
56-57	0.0	0.0	0.0	0.0	0.0
58-59	0.0	0.0	0.0	0.0	0.0
60-61	0.0024231850344092276	0.0	0.0	0.0	0.0
62-63	0.008481147620432297	0.0	0.0	0.0	0.0
64-65	0.018173887758069204	0.0	0.0	0.0	0.0
66-67	0.028472424154308423	0.0	0.0	0.0	0.0
68-69	0.03998255306775225	0.0	0.0	0.0	0.0
70-71	0.07208975477367452	0.0	0.0	0.0	0.0
72-73	0.10116797518658524	0.0	0.0	0.0	0.0
74-75	0.13448676940971213	0.0	0.0	0.0	0.0
76-77	0.17083454492585054	0.0	0.0	0.0	0.0
78-79	0.23020257826887663	0.0	0.0	0.0	0.0
80-81	0.2877532228360957	0.0	0.0	0.0	0.0
82-83	0.3507560337307357	0.0	0.0	0.0	0.0
84-85	0.43435591741785406	0.0	0.0	0.0	0.0
86-87	0.5312833187942232	0.0	0.0	0.0	0.0
88-89	0.6263933313947854	0.0	0.0	0.0	0.0
>>END_MODULE
>>Kmer Content	warn
#Sequence	Count	PValue	Obs/Exp Max	Max Obs/Exp Position
CCGACTA	25	6.00577E-4	46.433792	94-95
>>END_MODULE
